label,tgtOri,surOri,tgtPh,surPh,tgtC,surC,onset,deltaOri,RT,response,correct
rest_0,0.00,90.00,0.00,0.00,0.0000,0.40,0.30,6.00,1.08,[],0
rest_0,0.00,90.00,0.00,0.00,0.0000,0.40,1.51,8.00,0.84,r,1
rest_0,0.00,90.00,0.00,0.00,0.0000,0.40,3.31,8.00,1.07,[],0
rest_0,0.00,90.00,0.00,0.00,0.0000,0.40,4.81,12.00,0.77,r,1
rest_0,0.00,90.00,0.00,0.00,0.0000,0.40,6.31,12.00,0.79,b,1
rest_0,0.00,90.00,0.00,0.00,0.0000,0.40,7.51,12.00,0.77,b,1
rest_0,0.00,90.00,0.00,0.00,0.0000,0.40,9.31,8.00,1.07,[],0
rest_0,0.00,90.00,0.00,0.00,0.0000,0.40,10.51,12.00,0.77,r,1
iso_157,157.50,157.50,0.00,0.00,0.4000,0.40,11.71,12.00,0.79,b,0
iso_157,157.50,157.50,0.00,0.00,0.4000,0.40,13.51,16.00,0.82,r,1
iso_157,157.50,157.50,0.00,0.00,0.4000,0.40,15.01,16.00,0.92,b,1
iso_157,157.50,157.50,0.00,0.00,0.4000,0.40,16.51,16.00,0.93,b,1
iso_157,157.50,157.50,0.00,0.00,0.4000,0.40,17.71,12.00,0.97,b,1
iso_157,157.50,157.50,0.00,0.00,0.4000,0.40,18.91,12.00,0.95,b,1
iso_157,157.50,157.50,0.00,0.00,0.4000,0.40,20.71,12.00,0.81,r,1
iso_157,157.50,157.50,0.00,0.00,0.4000,0.40,22.51,8.00,0.98,b,1
surround_225,135.00,225.00,0.00,0.00,0.0000,0.40,23.71,8.00,1.06,[],0
surround_225,135.00,225.00,0.00,0.00,0.0000,0.40,24.91,12.00,1.06,[],0
surround_225,135.00,225.00,0.00,0.00,0.0000,0.40,26.71,16.00,0.76,b,1
surround_225,135.00,225.00,0.00,0.00,0.0000,0.40,28.21,16.00,0.76,b,1
surround_225,135.00,225.00,0.00,0.00,0.0000,0.40,30.01,16.00,0.97,b,1
surround_225,135.00,225.00,0.00,0.00,0.0000,0.40,31.21,12.00,0.92,r,1
surround_225,135.00,225.00,0.00,0.00,0.0000,0.40,32.71,12.00,0.92,r,1
surround_225,135.00,225.00,0.00,0.00,0.0000,0.40,34.51,12.00,0.95,b,1
orth_135,135.00,225.00,0.00,0.00,0.4000,0.40,35.71,8.00,0.93,b,1
orth_135,135.00,225.00,0.00,0.00,0.4000,0.40,37.51,8.00,0.97,b,1
orth_135,135.00,225.00,0.00,0.00,0.4000,0.40,39.01,8.00,0.94,r,1
orth_135,135.00,225.00,0.00,0.00,0.4000,0.40,40.51,6.00,0.99,r,1
orth_135,135.00,225.00,0.00,0.00,0.4000,0.40,42.01,6.00,1.00,b,1
orth_135,135.00,225.00,0.00,0.00,0.4000,0.40,43.51,6.00,0.85,r,1
orth_135,135.00,225.00,0.00,0.00,0.4000,0.40,44.71,4.00,0.85,b,1
orth_135,135.00,225.00,0.00,0.00,0.4000,0.40,46.51,4.00,0.94,b,1
iso90_0,0.00,0.00,0.25,0.00,0.4000,0.40,47.71,4.00,1.06,[],0
iso90_0,0.00,0.00,0.25,0.00,0.4000,0.40,49.51,6.00,0.76,r,1
iso90_0,0.00,0.00,0.25,0.00,0.4000,0.40,51.01,6.00,0.76,r,1
iso90_0,0.00,0.00,0.25,0.00,0.4000,0.40,52.81,6.00,0.81,r,1
iso90_0,0.00,0.00,0.25,0.00,0.4000,0.40,54.01,4.00,0.85,b,1
iso90_0,0.00,0.00,0.25,0.00,0.4000,0.40,55.81,4.00,0.90,b,1
iso90_0,0.00,0.00,0.25,0.00,0.4000,0.40,57.01,4.00,0.91,b,1
iso90_0,0.00,0.00,0.25,0.00,0.4000,0.40,58.51,3.00,0.80,r,1
rest_135,135.00,225.00,0.00,0.00,0.0000,0.40,60.31,3.00,1.06,[],0
rest_135,135.00,225.00,0.00,0.00,0.0000,0.40,61.51,4.00,1.04,r,0
rest_135,135.00,225.00,0.00,0.00,0.0000,0.40,63.31,6.00,1.05,r,1
rest_135,135.00,225.00,0.00,0.00,0.0000,0.40,65.11,6.00,0.93,r,1
rest_135,135.00,225.00,0.00,0.00,0.0000,0.40,66.31,6.00,0.85,r,1
rest_135,135.00,225.00,0.00,0.00,0.0000,0.40,68.11,4.00,0.82,r,1
rest_135,135.00,225.00,0.00,0.00,0.0000,0.40,69.31,4.00,0.77,r,0
rest_135,135.00,225.00,0.00,0.00,0.0000,0.40,70.51,6.00,0.90,b,1
orth_0,0.00,90.00,0.00,0.00,0.4000,0.40,72.01,6.00,0.77,r,1
orth_0,0.00,90.00,0.00,0.00,0.4000,0.40,73.81,6.00,0.91,b,1
orth_0,0.00,90.00,0.00,0.00,0.4000,0.40,75.01,4.00,0.89,b,1
orth_0,0.00,90.00,0.00,0.00,0.4000,0.40,76.81,4.00,0.85,r,1
orth_0,0.00,90.00,0.00,0.00,0.4000,0.40,78.31,4.00,0.96,r,1
orth_0,0.00,90.00,0.00,0.00,0.4000,0.40,80.11,3.00,0.82,r,1
orth_0,0.00,90.00,0.00,0.00,0.4000,0.40,81.31,3.00,0.92,b,1
orth_0,0.00,90.00,0.00,0.00,0.4000,0.40,82.51,3.00,0.95,b,1
surround_135,45.00,135.00,0.00,0.00,0.0000,0.40,84.01,2.00,1.06,b,1
surround_135,45.00,135.00,0.00,0.00,0.0000,0.40,85.21,2.00,0.98,b,0
surround_135,45.00,135.00,0.00,0.00,0.0000,0.40,87.01,3.00,0.86,r,0
surround_135,45.00,135.00,0.00,0.00,0.0000,0.40,88.51,4.00,1.06,[],0
surround_135,45.00,135.00,0.00,0.00,0.0000,0.40,90.31,6.00,1.06,b,1
surround_135,45.00,135.00,0.00,0.00,0.0000,0.40,91.51,6.00,1.05,b,1
surround_135,45.00,135.00,0.00,0.00,0.0000,0.40,93.01,6.00,0.90,r,1
surround_135,45.00,135.00,0.00,0.00,0.0000,0.40,94.51,4.00,0.89,b,1
iso90_90,90.00,90.00,0.25,0.00,0.4000,0.40,95.71,4.00,1.05,b,1
iso90_90,90.00,90.00,0.25,0.00,0.4000,0.40,97.21,4.00,0.99,b,1
iso90_90,90.00,90.00,0.25,0.00,0.4000,0.40,99.01,3.00,0.94,r,1
iso90_90,90.00,90.00,0.25,0.00,0.4000,0.40,100.81,3.00,1.00,b,1
iso90_90,90.00,90.00,0.25,0.00,0.4000,0.40,102.31,3.00,0.85,r,1
iso90_90,90.00,90.00,0.25,0.00,0.4000,0.40,103.81,2.00,1.04,r,1
iso90_90,90.00,90.00,0.25,0.00,0.4000,0.40,105.31,2.00,0.86,b,1
iso90_90,90.00,90.00,0.25,0.00,0.4000,0.40,106.51,2.00,0.98,b,1
iso_135,135.00,135.00,0.00,0.00,0.4000,0.40,108.31,1.00,0.95,b,0
iso_135,135.00,135.00,0.00,0.00,0.4000,0.40,109.81,2.00,0.89,b,0
iso_135,135.00,135.00,0.00,0.00,0.4000,0.40,111.31,3.00,0.95,b,0
iso_135,135.00,135.00,0.00,0.00,0.4000,0.40,112.51,4.00,1.03,b,1
iso_135,135.00,135.00,0.00,0.00,0.4000,0.40,114.31,4.00,0.96,b,1
iso_135,135.00,135.00,0.00,0.00,0.4000,0.40,116.11,4.00,1.05,b,1
iso_135,135.00,135.00,0.00,0.00,0.4000,0.40,117.31,3.00,0.94,b,1
iso_135,135.00,135.00,0.00,0.00,0.4000,0.40,118.51,3.00,0.86,b,1
rest_0,0.00,90.00,0.00,0.00,0.0000,0.40,119.71,3.00,0.98,b,0
rest_0,0.00,90.00,0.00,0.00,0.0000,0.40,121.51,4.00,0.83,b,1
rest_0,0.00,90.00,0.00,0.00,0.0000,0.40,123.01,4.00,0.81,b,1
rest_0,0.00,90.00,0.00,0.00,0.0000,0.40,124.51,4.00,1.07,[],0
rest_0,0.00,90.00,0.00,0.00,0.0000,0.40,125.71,6.00,0.90,b,0
rest_0,0.00,90.00,0.00,0.00,0.0000,0.40,127.21,8.00,0.81,r,1
rest_0,0.00,90.00,0.00,0.00,0.0000,0.40,128.71,8.00,0.77,b,1
rest_0,0.00,90.00,0.00,0.00,0.0000,0.40,130.51,8.00,0.82,r,1
iso90_157,157.50,157.50,0.25,0.00,0.4000,0.40,132.01,6.00,0.91,r,0
iso90_157,157.50,157.50,0.25,0.00,0.4000,0.40,133.81,8.00,1.07,b,1
iso90_157,157.50,157.50,0.25,0.00,0.4000,0.40,135.31,8.00,0.93,b,1
iso90_157,157.50,157.50,0.25,0.00,0.4000,0.40,136.51,8.00,0.91,r,1
iso90_157,157.50,157.50,0.25,0.00,0.4000,0.40,138.31,6.00,1.07,[],0
iso90_157,157.50,157.50,0.25,0.00,0.4000,0.40,139.81,8.00,1.06,[],0
iso90_157,157.50,157.50,0.25,0.00,0.4000,0.40,141.31,12.00,0.94,r,1
iso90_157,157.50,157.50,0.25,0.00,0.4000,0.40,142.51,12.00,0.97,b,1
iso_112,112.50,112.50,0.00,0.00,0.4000,0.40,143.71,12.00,0.92,r,1
iso_112,112.50,112.50,0.00,0.00,0.4000,0.40,144.91,8.00,1.06,[],0
iso_112,112.50,112.50,0.00,0.00,0.4000,0.40,146.11,12.00,1.04,r,0
iso_112,112.50,112.50,0.00,0.00,0.4000,0.40,147.91,16.00,0.80,r,1
iso_112,112.50,112.50,0.00,0.00,0.4000,0.40,149.41,16.00,0.85,r,1
iso_112,112.50,112.50,0.00,0.00,0.4000,0.40,150.91,16.00,0.96,b,1
iso_112,112.50,112.50,0.00,0.00,0.4000,0.40,152.71,12.00,1.03,b,1
iso_112,112.50,112.50,0.00,0.00,0.4000,0.40,154.51,12.00,0.97,b,1
orth_22,22.50,112.50,0.00,0.00,0.4000,0.40,155.71,12.00,0.92,r,1
orth_22,22.50,112.50,0.00,0.00,0.4000,0.40,157.21,8.00,0.87,r,1
orth_22,22.50,112.50,0.00,0.00,0.4000,0.40,158.71,8.00,1.03,b,1
orth_22,22.50,112.50,0.00,0.00,0.4000,0.40,159.91,8.00,0.92,r,1
orth_22,22.50,112.50,0.00,0.00,0.4000,0.40,161.71,6.00,0.92,b,1
orth_22,22.50,112.50,0.00,0.00,0.4000,0.40,163.51,6.00,0.92,b,1
orth_22,22.50,112.50,0.00,0.00,0.4000,0.40,165.01,6.00,0.88,r,1
orth_22,22.50,112.50,0.00,0.00,0.4000,0.40,166.51,4.00,0.96,r,1
surround_90,0.00,90.00,0.00,0.00,0.0000,0.40,168.31,4.00,0.87,r,1
surround_90,0.00,90.00,0.00,0.00,0.0000,0.40,169.81,4.00,0.90,r,0
surround_90,0.00,90.00,0.00,0.00,0.0000,0.40,171.01,6.00,1.06,[],0
surround_90,0.00,90.00,0.00,0.00,0.0000,0.40,172.51,8.00,1.03,r,1
surround_90,0.00,90.00,0.00,0.00,0.0000,0.40,173.71,8.00,1.02,b,1
surround_90,0.00,90.00,0.00,0.00,0.0000,0.40,175.51,8.00,1.06,[],0
surround_90,0.00,90.00,0.00,0.00,0.0000,0.40,176.71,12.00,1.06,[],0
surround_90,0.00,90.00,0.00,0.00,0.0000,0.40,178.51,16.00,0.84,b,1
rest_157,157.50,247.50,0.00,0.00,0.0000,0.40,180.31,16.00,0.95,b,1
rest_157,157.50,247.50,0.00,0.00,0.0000,0.40,181.81,16.00,0.87,b,1
rest_157,157.50,247.50,0.00,0.00,0.0000,0.40,183.01,12.00,0.88,r,1
rest_157,157.50,247.50,0.00,0.00,0.0000,0.40,184.81,12.00,1.05,r,1
rest_157,157.50,247.50,0.00,0.00,0.0000,0.40,186.31,12.00,1.00,r,1
rest_157,157.50,247.50,0.00,0.00,0.0000,0.40,187.51,8.00,0.89,b,1
rest_157,157.50,247.50,0.00,0.00,0.0000,0.40,189.01,8.00,0.91,b,1
rest_157,157.50,247.50,0.00,0.00,0.0000,0.40,190.51,8.00,0.98,r,1
surround_157,67.50,157.50,0.00,0.00,0.0000,0.40,191.71,6.00,1.06,[],0
surround_157,67.50,157.50,0.00,0.00,0.0000,0.40,192.91,8.00,0.97,r,1
surround_157,67.50,157.50,0.00,0.00,0.0000,0.40,194.71,8.00,0.95,b,1
surround_157,67.50,157.50,0.00,0.00,0.0000,0.40,195.91,8.00,1.06,[],0
surround_157,67.50,157.50,0.00,0.00,0.0000,0.40,197.71,12.00,0.96,b,1
surround_157,67.50,157.50,0.00,0.00,0.0000,0.40,199.21,12.00,0.96,b,1
surround_157,67.50,157.50,0.00,0.00,0.0000,0.40,201.01,12.00,0.99,b,1
surround_157,67.50,157.50,0.00,0.00,0.0000,0.40,202.51,8.00,1.04,r,1
iso_67,67.50,67.50,0.00,0.00,0.4000,0.40,204.01,8.00,0.92,r,1
iso_67,67.50,67.50,0.00,0.00,0.4000,0.40,205.51,8.00,0.85,r,1
iso_67,67.50,67.50,0.00,0.00,0.4000,0.40,207.31,6.00,0.87,b,1
iso_67,67.50,67.50,0.00,0.00,0.4000,0.40,208.51,6.00,0.83,r,1
iso_67,67.50,67.50,0.00,0.00,0.4000,0.40,210.01,6.00,1.05,r,1
iso_67,67.50,67.50,0.00,0.00,0.4000,0.40,211.81,4.00,1.06,[],0
iso_67,67.50,67.50,0.00,0.00,0.4000,0.40,213.01,6.00,1.06,[],0
iso_67,67.50,67.50,0.00,0.00,0.4000,0.40,214.51,8.00,0.93,r,1
iso90_135,135.00,135.00,0.25,0.00,0.4000,0.40,216.01,8.00,1.06,[],0
iso90_135,135.00,135.00,0.25,0.00,0.4000,0.40,217.51,12.00,0.93,b,1
iso90_135,135.00,135.00,0.25,0.00,0.4000,0.40,218.71,12.00,0.93,r,1
iso90_135,135.00,135.00,0.25,0.00,0.4000,0.40,220.51,12.00,0.97,b,1
iso90_135,135.00,135.00,0.25,0.00,0.4000,0.40,222.01,8.00,0.99,b,0
iso90_135,135.00,135.00,0.25,0.00,0.4000,0.40,223.21,12.00,0.95,b,1
iso90_135,135.00,135.00,0.25,0.00,0.4000,0.40,225.01,12.00,0.92,b,0
iso90_135,135.00,135.00,0.25,0.00,0.4000,0.40,226.51,16.00,0.83,r,1
orth_45,45.00,135.00,0.00,0.00,0.4000,0.40,228.01,16.00,0.96,b,1
orth_45,45.00,135.00,0.00,0.00,0.4000,0.40,229.21,16.00,0.90,r,1
orth_45,45.00,135.00,0.00,0.00,0.4000,0.40,231.01,12.00,0.89,b,1
orth_45,45.00,135.00,0.00,0.00,0.4000,0.40,232.21,12.00,0.93,b,1
orth_45,45.00,135.00,0.00,0.00,0.4000,0.40,233.71,12.00,0.81,r,1
orth_45,45.00,135.00,0.00,0.00,0.4000,0.40,235.51,8.00,0.89,b,1
orth_45,45.00,135.00,0.00,0.00,0.4000,0.40,236.71,8.00,0.88,r,1
orth_45,45.00,135.00,0.00,0.00,0.4000,0.40,238.51,8.00,0.96,b,1
rest_45,45.00,135.00,0.00,0.00,0.0000,0.40,240.01,6.00,0.91,b,1
rest_45,45.00,135.00,0.00,0.00,0.0000,0.40,241.21,6.00,0.78,r,1
rest_45,45.00,135.00,0.00,0.00,0.0000,0.40,242.41,6.00,0.89,r,1
rest_45,45.00,135.00,0.00,0.00,0.0000,0.40,244.21,4.00,0.90,b,1
rest_45,45.00,135.00,0.00,0.00,0.0000,0.40,246.01,4.00,0.95,b,0
rest_45,45.00,135.00,0.00,0.00,0.0000,0.40,247.81,6.00,0.92,b,1
rest_45,45.00,135.00,0.00,0.00,0.0000,0.40,249.31,6.00,0.91,b,0
rest_45,45.00,135.00,0.00,0.00,0.0000,0.40,250.51,8.00,0.89,r,0
surround_180,90.00,180.00,0.00,0.00,0.0000,0.40,252.01,12.00,0.90,r,1
surround_180,90.00,180.00,0.00,0.00,0.0000,0.40,253.21,12.00,0.87,b,1
surround_180,90.00,180.00,0.00,0.00,0.0000,0.40,255.01,12.00,0.80,r,1
surround_180,90.00,180.00,0.00,0.00,0.0000,0.40,256.21,8.00,0.84,b,1
surround_180,90.00,180.00,0.00,0.00,0.0000,0.40,257.41,8.00,0.80,b,1
surround_180,90.00,180.00,0.00,0.00,0.0000,0.40,259.21,8.00,0.79,b,1
surround_180,90.00,180.00,0.00,0.00,0.0000,0.40,260.71,6.00,0.77,b,1
surround_180,90.00,180.00,0.00,0.00,0.0000,0.40,262.51,6.00,0.82,b,1
orth_157,157.50,247.50,0.00,0.00,0.4000,0.40,264.01,6.00,0.85,r,1
orth_157,157.50,247.50,0.00,0.00,0.4000,0.40,265.81,4.00,0.95,b,1
orth_157,157.50,247.50,0.00,0.00,0.4000,0.40,267.01,4.00,0.97,b,0
orth_157,157.50,247.50,0.00,0.00,0.4000,0.40,268.21,6.00,0.86,r,1
orth_157,157.50,247.50,0.00,0.00,0.4000,0.40,270.01,6.00,0.89,r,1
orth_157,157.50,247.50,0.00,0.00,0.4000,0.40,271.21,6.00,1.00,b,1
orth_157,157.50,247.50,0.00,0.00,0.4000,0.40,273.01,4.00,0.89,r,1
orth_157,157.50,247.50,0.00,0.00,0.4000,0.40,274.51,4.00,1.07,[],0
iso_90,90.00,90.00,0.00,0.00,0.4000,0.40,275.72,6.00,0.81,b,0
iso_90,90.00,90.00,0.00,0.00,0.4000,0.40,276.92,8.00,0.80,r,1
iso_90,90.00,90.00,0.00,0.00,0.4000,0.40,278.72,8.00,0.85,b,1
iso_90,90.00,90.00,0.00,0.00,0.4000,0.40,279.92,8.00,0.96,r,1
iso_90,90.00,90.00,0.00,0.00,0.4000,0.40,281.42,6.00,0.85,b,0
iso_90,90.00,90.00,0.00,0.00,0.4000,0.40,283.22,8.00,0.83,r,1
iso_90,90.00,90.00,0.00,0.00,0.4000,0.40,285.02,8.00,0.95,b,0
iso_90,90.00,90.00,0.00,0.00,0.4000,0.40,286.52,12.00,0.83,b,1
iso90_22,22.50,22.50,0.25,0.00,0.4000,0.40,288.02,12.00,1.06,[],0
iso90_22,22.50,22.50,0.25,0.00,0.4000,0.40,289.22,16.00,0.90,b,1
iso90_22,22.50,22.50,0.25,0.00,0.4000,0.40,290.72,16.00,0.95,b,1
iso90_22,22.50,22.50,0.25,0.00,0.4000,0.40,292.52,16.00,0.79,r,0
iso90_22,22.50,22.50,0.25,0.00,0.4000,0.40,294.02,16.00,0.83,r,1
iso90_22,22.50,22.50,0.25,0.00,0.4000,0.40,295.22,16.00,1.04,r,1
iso90_22,22.50,22.50,0.25,0.00,0.4000,0.40,296.72,16.00,0.90,b,1
iso90_22,22.50,22.50,0.25,0.00,0.4000,0.40,298.52,12.00,0.91,b,1
rest_0,0.00,90.00,0.00,0.00,0.0000,0.40,300.02,12.00,0.80,b,1
rest_0,0.00,90.00,0.00,0.00,0.0000,0.40,301.22,12.00,0.78,b,1
rest_0,0.00,90.00,0.00,0.00,0.0000,0.40,302.72,8.00,0.78,r,1
rest_0,0.00,90.00,0.00,0.00,0.0000,0.40,304.22,8.00,1.06,[],0
rest_0,0.00,90.00,0.00,0.00,0.0000,0.40,306.02,12.00,1.06,[],0
rest_0,0.00,90.00,0.00,0.00,0.0000,0.40,307.52,16.00,1.06,[],0
rest_0,0.00,90.00,0.00,0.00,0.0000,0.40,308.72,16.00,0.78,b,1
rest_0,0.00,90.00,0.00,0.00,0.0000,0.40,310.52,16.00,0.77,r,1
orth_112,112.50,202.50,0.00,0.00,0.4000,0.40,311.72,16.00,0.88,b,1
orth_112,112.50,202.50,0.00,0.00,0.4000,0.40,312.92,12.00,1.03,r,1
orth_112,112.50,202.50,0.00,0.00,0.4000,0.40,314.42,12.00,1.00,b,1
orth_112,112.50,202.50,0.00,0.00,0.4000,0.40,316.22,12.00,0.96,b,1
orth_112,112.50,202.50,0.00,0.00,0.4000,0.40,317.72,8.00,0.90,r,1
orth_112,112.50,202.50,0.00,0.00,0.4000,0.40,319.52,8.00,0.96,r,1
orth_112,112.50,202.50,0.00,0.00,0.4000,0.40,321.32,8.00,1.06,[],0
orth_112,112.50,202.50,0.00,0.00,0.4000,0.40,322.52,12.00,0.95,r,1
iso_22,22.50,22.50,0.00,0.00,0.4000,0.40,324.32,12.00,0.92,b,1
iso_22,22.50,22.50,0.00,0.00,0.4000,0.40,325.82,12.00,0.98,b,1
iso_22,22.50,22.50,0.00,0.00,0.4000,0.40,327.32,8.00,0.93,r,1
iso_22,22.50,22.50,0.00,0.00,0.4000,0.40,328.52,8.00,0.95,r,1
iso_22,22.50,22.50,0.00,0.00,0.4000,0.40,330.02,8.00,0.84,r,1
iso_22,22.50,22.50,0.00,0.00,0.4000,0.40,331.82,6.00,0.82,r,1
iso_22,22.50,22.50,0.00,0.00,0.4000,0.40,333.32,6.00,0.93,r,1
iso_22,22.50,22.50,0.00,0.00,0.4000,0.40,334.52,6.00,0.92,b,1
surround_112,22.50,112.50,0.00,0.00,0.0000,0.40,336.32,4.00,0.95,b,1
surround_112,22.50,112.50,0.00,0.00,0.0000,0.40,337.82,4.00,0.92,r,1
surround_112,22.50,112.50,0.00,0.00,0.0000,0.40,339.32,4.00,0.95,b,1
surround_112,22.50,112.50,0.00,0.00,0.0000,0.40,341.12,3.00,0.81,r,0
surround_112,22.50,112.50,0.00,0.00,0.0000,0.40,342.62,4.00,0.89,r,1
surround_112,22.50,112.50,0.00,0.00,0.0000,0.40,344.12,4.00,0.94,r,0
surround_112,22.50,112.50,0.00,0.00,0.0000,0.40,345.32,6.00,0.93,r,0
surround_112,22.50,112.50,0.00,0.00,0.0000,0.40,346.52,8.00,0.95,r,1
iso90_67,67.50,67.50,0.25,0.00,0.4000,0.40,348.02,8.00,0.88,b,1
iso90_67,67.50,67.50,0.25,0.00,0.4000,0.40,349.52,8.00,0.88,b,1
iso90_67,67.50,67.50,0.25,0.00,0.4000,0.40,350.72,6.00,0.86,r,1
iso90_67,67.50,67.50,0.25,0.00,0.4000,0.40,352.22,6.00,0.81,b,1
iso90_67,67.50,67.50,0.25,0.00,0.4000,0.40,354.02,6.00,0.85,r,1
iso90_67,67.50,67.50,0.25,0.00,0.4000,0.40,355.52,4.00,0.80,b,1
iso90_67,67.50,67.50,0.25,0.00,0.4000,0.40,357.02,4.00,1.01,r,1
iso90_67,67.50,67.50,0.25,0.00,0.4000,0.40,358.52,4.00,0.80,b,0
rest_45,45.00,135.00,0.00,0.00,0.0000,0.40,359.72,6.00,1.03,r,1
rest_45,45.00,135.00,0.00,0.00,0.0000,0.40,361.22,6.00,0.94,b,1
rest_45,45.00,135.00,0.00,0.00,0.0000,0.40,362.72,6.00,0.96,b,1
rest_45,45.00,135.00,0.00,0.00,0.0000,0.40,364.52,4.00,0.95,b,1
rest_45,45.00,135.00,0.00,0.00,0.0000,0.40,366.02,4.00,0.79,r,1
rest_45,45.00,135.00,0.00,0.00,0.0000,0.40,367.52,4.00,0.81,b,1
rest_45,45.00,135.00,0.00,0.00,0.0000,0.40,369.02,3.00,0.87,r,0
rest_45,45.00,135.00,0.00,0.00,0.0000,0.40,370.52,4.00,0.82,r,1
surround_202,112.50,202.50,0.00,0.00,0.0000,0.40,372.02,4.00,0.89,r,0
surround_202,112.50,202.50,0.00,0.00,0.0000,0.40,373.52,6.00,0.88,b,1
surround_202,112.50,202.50,0.00,0.00,0.0000,0.40,374.72,6.00,0.94,r,1
surround_202,112.50,202.50,0.00,0.00,0.0000,0.40,375.92,6.00,1.07,[],0
surround_202,112.50,202.50,0.00,0.00,0.0000,0.40,377.72,8.00,0.77,b,0
surround_202,112.50,202.50,0.00,0.00,0.0000,0.40,379.52,12.00,0.87,b,1
surround_202,112.50,202.50,0.00,0.00,0.0000,0.40,380.72,12.00,0.91,b,1
surround_202,112.50,202.50,0.00,0.00,0.0000,0.40,382.52,12.00,0.85,r,1
orth_67,67.50,157.50,0.00,0.00,0.4000,0.40,383.72,8.00,0.99,r,1
orth_67,67.50,157.50,0.00,0.00,0.4000,0.40,384.92,8.00,0.97,b,0
orth_67,67.50,157.50,0.00,0.00,0.4000,0.40,386.72,12.00,0.90,r,1
orth_67,67.50,157.50,0.00,0.00,0.4000,0.40,388.52,12.00,1.02,r,1
orth_67,67.50,157.50,0.00,0.00,0.4000,0.40,390.32,12.00,0.91,r,1
orth_67,67.50,157.50,0.00,0.00,0.4000,0.40,391.52,8.00,0.89,r,1
orth_67,67.50,157.50,0.00,0.00,0.4000,0.40,393.32,8.00,0.98,r,1
orth_67,67.50,157.50,0.00,0.00,0.4000,0.40,394.52,8.00,0.95,r,1
iso_45,45.00,45.00,0.00,0.00,0.4000,0.40,395.72,6.00,0.89,r,1
iso_45,45.00,45.00,0.00,0.00,0.4000,0.40,397.22,6.00,1.03,b,1
iso_45,45.00,45.00,0.00,0.00,0.4000,0.40,399.02,6.00,0.98,r,1
iso_45,45.00,45.00,0.00,0.00,0.4000,0.40,400.52,4.00,0.81,b,0
iso_45,45.00,45.00,0.00,0.00,0.4000,0.40,402.02,6.00,0.91,r,1
iso_45,45.00,45.00,0.00,0.00,0.4000,0.40,403.52,6.00,0.84,b,1
iso_45,45.00,45.00,0.00,0.00,0.4000,0.40,405.02,6.00,1.06,b,1
iso_45,45.00,45.00,0.00,0.00,0.4000,0.40,406.52,4.00,0.91,r,1
iso90_112,112.50,112.50,0.25,0.00,0.4000,0.40,408.02,4.00,0.95,r,1
iso90_112,112.50,112.50,0.25,0.00,0.4000,0.40,409.22,4.00,0.98,b,1
iso90_112,112.50,112.50,0.25,0.00,0.4000,0.40,410.72,3.00,0.87,r,0
iso90_112,112.50,112.50,0.25,0.00,0.4000,0.40,412.22,4.00,0.83,r,1
iso90_112,112.50,112.50,0.25,0.00,0.4000,0.40,413.42,4.00,0.86,r,0
iso90_112,112.50,112.50,0.25,0.00,0.4000,0.40,415.22,6.00,0.99,b,1
iso90_112,112.50,112.50,0.25,0.00,0.4000,0.40,416.72,6.00,0.92,b,1
iso90_112,112.50,112.50,0.25,0.00,0.4000,0.40,418.52,6.00,0.97,b,1
rest_22,22.50,112.50,0.00,0.00,0.0000,0.40,420.32,4.00,1.06,[],0
rest_22,22.50,112.50,0.00,0.00,0.0000,0.40,421.52,6.00,0.77,r,0
rest_22,22.50,112.50,0.00,0.00,0.0000,0.40,422.72,8.00,0.76,r,0
rest_22,22.50,112.50,0.00,0.00,0.0000,0.40,424.52,12.00,0.85,r,1
rest_22,22.50,112.50,0.00,0.00,0.0000,0.40,426.02,12.00,0.78,r,1
rest_22,22.50,112.50,0.00,0.00,0.0000,0.40,427.22,12.00,0.87,r,1
rest_22,22.50,112.50,0.00,0.00,0.0000,0.40,429.02,8.00,0.85,r,1
rest_22,22.50,112.50,0.00,0.00,0.0000,0.40,430.52,8.00,1.06,[],0
orth_90,90.00,180.00,0.00,0.00,0.4000,0.40,432.02,12.00,0.93,b,1
orth_90,90.00,180.00,0.00,0.00,0.4000,0.40,433.82,12.00,0.77,r,1
orth_90,90.00,180.00,0.00,0.00,0.4000,0.40,435.02,12.00,0.77,r,1
orth_90,90.00,180.00,0.00,0.00,0.4000,0.40,436.82,8.00,0.86,b,1
orth_90,90.00,180.00,0.00,0.00,0.4000,0.40,438.32,8.00,0.84,b,1
orth_90,90.00,180.00,0.00,0.00,0.4000,0.40,440.12,8.00,0.77,b,1
orth_90,90.00,180.00,0.00,0.00,0.4000,0.40,441.32,6.00,0.80,r,1
orth_90,90.00,180.00,0.00,0.00,0.4000,0.40,442.52,6.00,0.86,b,1
iso90_45,45.00,45.00,0.25,0.00,0.4000,0.40,444.02,6.00,1.00,b,1
iso90_45,45.00,45.00,0.25,0.00,0.4000,0.40,445.22,4.00,0.83,r,1
iso90_45,45.00,45.00,0.25,0.00,0.4000,0.40,446.72,4.00,0.98,r,1
iso90_45,45.00,45.00,0.25,0.00,0.4000,0.40,447.92,4.00,0.94,r,1
iso90_45,45.00,45.00,0.25,0.00,0.4000,0.40,449.42,3.00,0.88,r,0
iso90_45,45.00,45.00,0.25,0.00,0.4000,0.40,451.22,4.00,0.83,r,1
iso90_45,45.00,45.00,0.25,0.00,0.4000,0.40,453.02,4.00,0.83,b,1
iso90_45,45.00,45.00,0.25,0.00,0.4000,0.40,454.52,4.00,0.92,r,1
surround_247,157.50,247.50,0.00,0.00,0.0000,0.40,456.02,3.00,0.82,r,1
surround_247,157.50,247.50,0.00,0.00,0.0000,0.40,457.82,3.00,0.87,b,1
surround_247,157.50,247.50,0.00,0.00,0.0000,0.40,459.02,3.00,0.79,r,1
surround_247,157.50,247.50,0.00,0.00,0.0000,0.40,460.22,2.00,1.06,[],0
surround_247,157.50,247.50,0.00,0.00,0.0000,0.40,462.02,3.00,0.76,r,0
surround_247,157.50,247.50,0.00,0.00,0.0000,0.40,463.52,4.00,0.89,b,1
surround_247,157.50,247.50,0.00,0.00,0.0000,0.40,464.72,4.00,0.86,r,1
surround_247,157.50,247.50,0.00,0.00,0.0000,0.40,466.52,4.00,0.93,b,1
iso_0,0.00,0.00,0.00,0.00,0.4000,0.40,468.32,3.00,0.85,b,1
iso_0,0.00,0.00,0.00,0.00,0.4000,0.40,469.82,3.00,0.80,b,1
iso_0,0.00,0.00,0.00,0.00,0.4000,0.40,471.02,3.00,0.76,b,1
iso_0,0.00,0.00,0.00,0.00,0.4000,0.40,472.82,2.00,0.82,r,1
iso_0,0.00,0.00,0.00,0.00,0.4000,0.40,474.32,2.00,0.89,r,1
iso_0,0.00,0.00,0.00,0.00,0.4000,0.40,475.52,2.00,1.06,[],0
iso_0,0.00,0.00,0.00,0.00,0.4000,0.40,477.32,3.00,1.06,[],0
iso_0,0.00,0.00,0.00,0.00,0.4000,0.40,478.52,4.00,0.76,b,1
rest_0,0.00,90.00,0.00,0.00,0.0000,0.40,480.32,4.00,0.87,b,0
rest_0,0.00,90.00,0.00,0.00,0.0000,0.40,481.52,6.00,1.06,[],0
rest_0,0.00,90.00,0.00,0.00,0.0000,0.40,482.72,8.00,0.79,b,1
rest_0,0.00,90.00,0.00,0.00,0.0000,0.40,484.52,8.00,0.81,r,1
rest_0,0.00,90.00,0.00,0.00,0.0000,0.40,486.32,8.00,0.85,b,0
rest_0,0.00,90.00,0.00,0.00,0.0000,0.40,487.82,12.00,1.06,[],0
rest_0,0.00,90.00,0.00,0.00,0.0000,0.40,489.32,16.00,1.06,[],0
rest_0,0.00,90.00,0.00,0.00,0.0000,0.40,490.52,16.00,0.76,r,1
