label,tgtOri,surOri,tgtPh,surPh,tgtC,surC,onset,deltaOri,RT,response,correct
rest_0,0.00,90.00,0.00,0.00,0.0000,0.40,0.01,6.00,1.06,[],0
rest_0,0.00,90.00,0.00,0.00,0.0000,0.40,1.81,8.00,1.06,[],0
rest_0,0.00,90.00,0.00,0.00,0.0000,0.40,3.61,12.00,0.76,r,0
rest_0,0.00,90.00,0.00,0.00,0.0000,0.40,4.81,16.00,0.82,r,1
rest_0,0.00,90.00,0.00,0.00,0.0000,0.40,6.61,16.00,1.06,[],0
rest_0,0.00,90.00,0.00,0.00,0.0000,0.40,8.41,16.00,1.06,[],0
rest_0,0.00,90.00,0.00,0.00,0.0000,0.40,9.61,16.00,1.06,[],0
rest_0,0.00,90.00,0.00,0.00,0.0000,0.40,10.81,16.00,1.06,[],0
orth_45,45.00,135.00,0.00,0.00,0.4000,0.40,12.61,16.00,0.76,r,0
orth_45,45.00,135.00,0.00,0.00,0.4000,0.40,13.81,16.00,0.76,r,1
orth_45,45.00,135.00,0.00,0.00,0.4000,0.40,15.31,16.00,0.76,r,0
orth_45,45.00,135.00,0.00,0.00,0.4000,0.40,16.81,16.00,1.02,r,0
orth_45,45.00,135.00,0.00,0.00,0.4000,0.40,18.31,16.00,1.06,[],0
orth_45,45.00,135.00,0.00,0.00,0.4000,0.40,19.81,16.00,0.76,r,1
orth_45,45.00,135.00,0.00,0.00,0.4000,0.40,21.61,16.00,0.76,b,1
orth_45,45.00,135.00,0.00,0.00,0.4000,0.40,22.81,16.00,0.76,b,0
iso90_67,67.50,67.50,0.25,0.00,0.4000,0.40,24.61,16.00,1.06,[],0
iso90_67,67.50,67.50,0.25,0.00,0.4000,0.40,25.81,16.00,1.06,[],0
iso90_67,67.50,67.50,0.25,0.00,0.4000,0.40,27.01,16.00,1.03,r,1
iso90_67,67.50,67.50,0.25,0.00,0.4000,0.40,28.21,16.00,1.00,b,0
iso90_67,67.50,67.50,0.25,0.00,0.4000,0.40,30.01,16.00,1.06,[],0
iso90_67,67.50,67.50,0.25,0.00,0.4000,0.40,31.81,16.00,1.06,[],0
iso90_67,67.50,67.50,0.25,0.00,0.4000,0.40,33.31,16.00,0.76,b,1
iso90_67,67.50,67.50,0.25,0.00,0.4000,0.40,34.81,16.00,0.76,b,1
iso_112,112.50,112.50,0.00,0.00,0.4000,0.40,36.61,16.00,1.06,[],0
iso_112,112.50,112.50,0.00,0.00,0.4000,0.40,38.11,16.00,0.81,b,0
iso_112,112.50,112.50,0.00,0.00,0.4000,0.40,39.31,16.00,0.99,b,1
iso_112,112.50,112.50,0.00,0.00,0.4000,0.40,40.81,16.00,0.96,b,0
iso_112,112.50,112.50,0.00,0.00,0.4000,0.40,42.61,16.00,0.90,b,0
iso_112,112.50,112.50,0.00,0.00,0.4000,0.40,43.81,16.00,1.06,[],0
iso_112,112.50,112.50,0.00,0.00,0.4000,0.40,45.01,16.00,0.76,b,1
iso_112,112.50,112.50,0.00,0.00,0.4000,0.40,46.81,16.00,1.06,[],0
surround_225,135.00,225.00,0.00,0.00,0.0000,0.40,48.61,16.00,0.76,b,0
surround_225,135.00,225.00,0.00,0.00,0.0000,0.40,50.41,16.00,1.06,[],0
surround_225,135.00,225.00,0.00,0.00,0.0000,0.40,51.61,16.00,0.89,b,1
surround_225,135.00,225.00,0.00,0.00,0.0000,0.40,52.81,16.00,1.06,[],0
surround_225,135.00,225.00,0.00,0.00,0.0000,0.40,54.01,16.00,0.76,b,0
surround_225,135.00,225.00,0.00,0.00,0.0000,0.40,55.51,16.00,0.76,r,1
surround_225,135.00,225.00,0.00,0.00,0.0000,0.40,57.31,16.00,0.76,b,0
surround_225,135.00,225.00,0.00,0.00,0.0000,0.40,58.81,16.00,0.76,r,0
rest_67,67.50,157.50,0.00,0.00,0.0000,0.40,60.01,16.00,0.99,r,0
rest_67,67.50,157.50,0.00,0.00,0.0000,0.40,61.51,16.00,1.06,[],0
rest_67,67.50,157.50,0.00,0.00,0.0000,0.40,62.71,16.00,0.76,b,1
rest_67,67.50,157.50,0.00,0.00,0.0000,0.40,64.51,16.00,1.06,[],0
rest_67,67.50,157.50,0.00,0.00,0.0000,0.40,66.31,16.00,1.07,[],0
rest_67,67.50,157.50,0.00,0.00,0.0000,0.40,67.81,16.00,1.06,[],0
rest_67,67.50,157.50,0.00,0.00,0.0000,0.40,69.31,16.00,0.76,r,1
rest_67,67.50,157.50,0.00,0.00,0.0000,0.40,70.81,16.00,0.76,r,1
iso90_112,112.50,112.50,0.25,0.00,0.4000,0.40,72.31,16.00,1.00,b,0
iso90_112,112.50,112.50,0.25,0.00,0.4000,0.40,73.51,16.00,1.05,[],0
iso90_112,112.50,112.50,0.25,0.00,0.4000,0.40,75.31,16.00,0.75,b,0
iso90_112,112.50,112.50,0.25,0.00,0.4000,0.40,77.11,16.00,0.77,r,1
iso90_112,112.50,112.50,0.25,0.00,0.4000,0.40,78.31,16.00,0.77,r,1
iso90_112,112.50,112.50,0.25,0.00,0.4000,0.40,79.51,16.00,0.75,r,1
iso90_112,112.50,112.50,0.25,0.00,0.4000,0.40,81.01,12.00,0.77,r,1
iso90_112,112.50,112.50,0.25,0.00,0.4000,0.40,82.81,12.00,1.07,[],0
iso_135,135.00,135.00,0.00,0.00,0.4000,0.40,84.61,16.00,0.77,r,0
iso_135,135.00,135.00,0.00,0.00,0.4000,0.40,86.11,16.00,0.77,r,0
iso_135,135.00,135.00,0.00,0.00,0.4000,0.40,87.61,16.00,0.77,r,1
iso_135,135.00,135.00,0.00,0.00,0.4000,0.40,89.41,16.00,0.77,r,0
iso_135,135.00,135.00,0.00,0.00,0.4000,0.40,90.91,16.00,0.77,r,1
iso_135,135.00,135.00,0.00,0.00,0.4000,0.40,92.11,16.00,1.07,[],0
iso_135,135.00,135.00,0.00,0.00,0.4000,0.40,93.61,16.00,1.07,[],0
iso_135,135.00,135.00,0.00,0.00,0.4000,0.40,94.81,16.00,1.07,[],0
orth_157,157.50,247.50,0.00,0.00,0.4000,0.40,96.31,16.00,0.77,r,0
orth_157,157.50,247.50,0.00,0.00,0.4000,0.40,97.51,16.00,1.07,[],0
orth_157,157.50,247.50,0.00,0.00,0.4000,0.40,99.31,16.00,0.77,r,0
orth_157,157.50,247.50,0.00,0.00,0.4000,0.40,100.81,16.00,0.77,r,0
orth_157,157.50,247.50,0.00,0.00,0.4000,0.40,102.01,16.00,0.95,r,1
orth_157,157.50,247.50,0.00,0.00,0.4000,0.40,103.51,16.00,0.79,r,1
orth_157,157.50,247.50,0.00,0.00,0.4000,0.40,105.31,16.00,0.77,r,1
orth_157,157.50,247.50,0.00,0.00,0.4000,0.40,106.81,12.00,0.77,r,0
surround_202,112.50,202.50,0.00,0.00,0.0000,0.40,108.01,16.00,1.06,[],0
surround_202,112.50,202.50,0.00,0.00,0.0000,0.40,109.51,16.00,0.77,r,0
surround_202,112.50,202.50,0.00,0.00,0.0000,0.40,111.31,16.00,0.76,r,1
surround_202,112.50,202.50,0.00,0.00,0.0000,0.40,112.51,16.00,0.76,r,1
surround_202,112.50,202.50,0.00,0.00,0.0000,0.40,113.71,16.00,0.97,r,1
surround_202,112.50,202.50,0.00,0.00,0.0000,0.40,115.21,12.00,0.93,r,0
surround_202,112.50,202.50,0.00,0.00,0.0000,0.40,117.01,16.00,0.76,b,1
surround_202,112.50,202.50,0.00,0.00,0.0000,0.40,118.81,16.00,1.06,[],0
rest_90,90.00,180.00,0.00,0.00,0.0000,0.40,120.61,16.00,0.76,r,1
rest_90,90.00,180.00,0.00,0.00,0.0000,0.40,121.81,16.00,1.06,[],0
rest_90,90.00,180.00,0.00,0.00,0.0000,0.40,123.61,16.00,1.06,[],0
rest_90,90.00,180.00,0.00,0.00,0.0000,0.40,125.11,16.00,0.76,r,1
rest_90,90.00,180.00,0.00,0.00,0.0000,0.40,126.61,16.00,0.76,b,0
rest_90,90.00,180.00,0.00,0.00,0.0000,0.40,127.81,16.00,1.06,[],0
rest_90,90.00,180.00,0.00,0.00,0.0000,0.40,129.61,16.00,0.76,b,0
rest_90,90.00,180.00,0.00,0.00,0.0000,0.40,130.81,16.00,0.76,b,1
iso90_90,90.00,90.00,0.25,0.00,0.4000,0.40,132.01,16.00,0.76,b,0
iso90_90,90.00,90.00,0.25,0.00,0.4000,0.40,133.51,16.00,0.76,b,0
iso90_90,90.00,90.00,0.25,0.00,0.4000,0.40,135.01,16.00,0.76,b,0
iso90_90,90.00,90.00,0.25,0.00,0.4000,0.40,136.51,16.00,0.80,r,0
iso90_90,90.00,90.00,0.25,0.00,0.4000,0.40,137.71,16.00,1.06,[],0
iso90_90,90.00,90.00,0.25,0.00,0.4000,0.40,139.51,16.00,0.76,r,0
iso90_90,90.00,90.00,0.25,0.00,0.4000,0.40,141.01,16.00,0.76,b,1
iso90_90,90.00,90.00,0.25,0.00,0.4000,0.40,142.81,16.00,1.06,[],0
surround_112,22.50,112.50,0.00,0.00,0.0000,0.40,144.61,16.00,1.06,[],0
surround_112,22.50,112.50,0.00,0.00,0.0000,0.40,145.81,16.00,1.06,[],0
surround_112,22.50,112.50,0.00,0.00,0.0000,0.40,147.31,16.00,0.76,b,0
surround_112,22.50,112.50,0.00,0.00,0.0000,0.40,149.11,16.00,0.76,r,1
surround_112,22.50,112.50,0.00,0.00,0.0000,0.40,150.31,16.00,1.06,[],0
surround_112,22.50,112.50,0.00,0.00,0.0000,0.40,151.81,16.00,0.76,r,0
surround_112,22.50,112.50,0.00,0.00,0.0000,0.40,153.01,16.00,0.76,r,1
surround_112,22.50,112.50,0.00,0.00,0.0000,0.40,154.81,16.00,1.06,[],0
orth_90,90.00,180.00,0.00,0.00,0.4000,0.40,156.61,16.00,0.97,r,1
orth_90,90.00,180.00,0.00,0.00,0.4000,0.40,158.11,16.00,1.06,[],0
orth_90,90.00,180.00,0.00,0.00,0.4000,0.40,159.91,16.00,0.76,r,1
orth_90,90.00,180.00,0.00,0.00,0.4000,0.40,161.11,16.00,1.00,r,1
orth_90,90.00,180.00,0.00,0.00,0.4000,0.40,162.91,16.00,1.06,[],0
orth_90,90.00,180.00,0.00,0.00,0.4000,0.40,164.41,16.00,0.76,b,0
orth_90,90.00,180.00,0.00,0.00,0.4000,0.40,165.61,16.00,1.06,[],0
orth_90,90.00,180.00,0.00,0.00,0.4000,0.40,166.81,16.00,0.76,r,1
iso_0,0.00,0.00,0.00,0.00,0.4000,0.40,168.61,16.00,1.06,[],0
iso_0,0.00,0.00,0.00,0.00,0.4000,0.40,170.11,16.00,1.06,[],0
iso_0,0.00,0.00,0.00,0.00,0.4000,0.40,171.91,16.00,1.06,[],0
iso_0,0.00,0.00,0.00,0.00,0.4000,0.40,173.11,16.00,0.76,b,0
iso_0,0.00,0.00,0.00,0.00,0.4000,0.40,174.31,16.00,0.76,r,1
iso_0,0.00,0.00,0.00,0.00,0.4000,0.40,175.51,16.00,1.06,[],0
iso_0,0.00,0.00,0.00,0.00,0.4000,0.40,177.01,16.00,0.76,b,1
iso_0,0.00,0.00,0.00,0.00,0.4000,0.40,178.81,16.00,0.98,r,1
rest_0,0.00,90.00,0.00,0.00,0.0000,0.40,180.01,16.00,1.06,[],0
rest_0,0.00,90.00,0.00,0.00,0.0000,0.40,181.51,16.00,0.76,r,1
rest_0,0.00,90.00,0.00,0.00,0.0000,0.40,183.31,16.00,0.76,b,1
rest_0,0.00,90.00,0.00,0.00,0.0000,0.40,184.81,16.00,0.76,r,0
rest_0,0.00,90.00,0.00,0.00,0.0000,0.40,186.61,16.00,1.06,[],0
rest_0,0.00,90.00,0.00,0.00,0.0000,0.40,187.81,16.00,0.83,r,1
rest_0,0.00,90.00,0.00,0.00,0.0000,0.40,189.61,16.00,0.76,b,0
rest_0,0.00,90.00,0.00,0.00,0.0000,0.40,190.81,16.00,0.76,r,1
orth_67,67.50,157.50,0.00,0.00,0.4000,0.40,192.01,16.00,1.07,[],0
orth_67,67.50,157.50,0.00,0.00,0.4000,0.40,193.81,16.00,0.77,b,0
orth_67,67.50,157.50,0.00,0.00,0.4000,0.40,195.61,16.00,0.76,r,1
orth_67,67.50,157.50,0.00,0.00,0.4000,0.40,197.11,16.00,0.76,b,0
orth_67,67.50,157.50,0.00,0.00,0.4000,0.40,198.91,16.00,0.76,r,0
orth_67,67.50,157.50,0.00,0.00,0.4000,0.40,200.11,16.00,0.77,r,1
orth_67,67.50,157.50,0.00,0.00,0.4000,0.40,201.31,16.00,0.75,r,1
orth_67,67.50,157.50,0.00,0.00,0.4000,0.40,202.81,16.00,0.77,r,1
iso_157,157.50,157.50,0.00,0.00,0.4000,0.40,204.61,12.00,1.07,[],0
iso_157,157.50,157.50,0.00,0.00,0.4000,0.40,205.82,16.00,1.07,[],0
iso_157,157.50,157.50,0.00,0.00,0.4000,0.40,207.62,16.00,1.07,[],0
iso_157,157.50,157.50,0.00,0.00,0.4000,0.40,209.12,16.00,0.77,b,1
iso_157,157.50,157.50,0.00,0.00,0.4000,0.40,210.62,16.00,0.77,r,1
iso_157,157.50,157.50,0.00,0.00,0.4000,0.40,212.12,16.00,0.84,r,1
iso_157,157.50,157.50,0.00,0.00,0.4000,0.40,213.32,12.00,0.90,r,1
iso_157,157.50,157.50,0.00,0.00,0.4000,0.40,214.82,12.00,0.77,r,0
iso90_45,45.00,45.00,0.25,0.00,0.4000,0.40,216.02,16.00,0.84,b,1
iso90_45,45.00,45.00,0.25,0.00,0.4000,0.40,217.22,16.00,0.91,r,1
iso90_45,45.00,45.00,0.25,0.00,0.4000,0.40,219.02,16.00,0.77,r,0
iso90_45,45.00,45.00,0.25,0.00,0.4000,0.40,220.22,16.00,1.06,[],0
iso90_45,45.00,45.00,0.25,0.00,0.4000,0.40,222.02,16.00,1.06,[],0
iso90_45,45.00,45.00,0.25,0.00,0.4000,0.40,223.82,16.00,0.76,b,0
iso90_45,45.00,45.00,0.25,0.00,0.4000,0.40,225.32,16.00,0.76,r,1
iso90_45,45.00,45.00,0.25,0.00,0.4000,0.40,226.82,16.00,0.76,b,0
surround_90,0.00,90.00,0.00,0.00,0.0000,0.40,228.32,16.00,0.94,r,0
surround_90,0.00,90.00,0.00,0.00,0.0000,0.40,229.82,16.00,1.06,[],0
surround_90,0.00,90.00,0.00,0.00,0.0000,0.40,231.32,16.00,0.76,r,0
surround_90,0.00,90.00,0.00,0.00,0.0000,0.40,233.12,16.00,0.76,b,1
surround_90,0.00,90.00,0.00,0.00,0.0000,0.40,234.62,16.00,0.76,r,1
surround_90,0.00,90.00,0.00,0.00,0.0000,0.40,236.12,16.00,1.06,[],0
surround_90,0.00,90.00,0.00,0.00,0.0000,0.40,237.32,16.00,0.76,b,1
surround_90,0.00,90.00,0.00,0.00,0.0000,0.40,238.82,16.00,0.76,r,1
rest_22,22.50,112.50,0.00,0.00,0.0000,0.40,240.62,16.00,1.06,[],0
rest_22,22.50,112.50,0.00,0.00,0.0000,0.40,242.12,16.00,0.76,r,1
rest_22,22.50,112.50,0.00,0.00,0.0000,0.40,243.62,16.00,0.76,r,1
rest_22,22.50,112.50,0.00,0.00,0.0000,0.40,244.82,16.00,0.76,b,0
rest_22,22.50,112.50,0.00,0.00,0.0000,0.40,246.32,16.00,1.06,[],0
rest_22,22.50,112.50,0.00,0.00,0.0000,0.40,247.82,16.00,0.76,r,0
rest_22,22.50,112.50,0.00,0.00,0.0000,0.40,249.62,16.00,0.76,b,1
rest_22,22.50,112.50,0.00,0.00,0.0000,0.40,250.82,16.00,0.76,r,0
orth_135,135.00,225.00,0.00,0.00,0.4000,0.40,252.62,16.00,0.97,r,1
orth_135,135.00,225.00,0.00,0.00,0.4000,0.40,254.12,16.00,1.06,[],0
orth_135,135.00,225.00,0.00,0.00,0.4000,0.40,255.62,16.00,0.76,b,0
orth_135,135.00,225.00,0.00,0.00,0.4000,0.40,256.82,16.00,0.76,b,0
orth_135,135.00,225.00,0.00,0.00,0.4000,0.40,258.62,16.00,1.06,[],0
orth_135,135.00,225.00,0.00,0.00,0.4000,0.40,260.12,16.00,1.06,[],0
orth_135,135.00,225.00,0.00,0.00,0.4000,0.40,261.62,16.00,0.76,r,0
orth_135,135.00,225.00,0.00,0.00,0.4000,0.40,262.82,16.00,0.76,r,0
surround_157,67.50,157.50,0.00,0.00,0.0000,0.40,264.62,16.00,0.82,b,1
surround_157,67.50,157.50,0.00,0.00,0.0000,0.40,266.12,16.00,1.06,[],0
surround_157,67.50,157.50,0.00,0.00,0.0000,0.40,267.62,16.00,0.96,r,0
surround_157,67.50,157.50,0.00,0.00,0.0000,0.40,269.12,16.00,0.82,r,0
surround_157,67.50,157.50,0.00,0.00,0.0000,0.40,270.92,16.00,0.76,b,1
surround_157,67.50,157.50,0.00,0.00,0.0000,0.40,272.42,16.00,1.01,b,0
surround_157,67.50,157.50,0.00,0.00,0.0000,0.40,273.62,16.00,1.06,[],0
surround_157,67.50,157.50,0.00,0.00,0.0000,0.40,274.82,16.00,0.82,r,0
iso90_0,0.00,0.00,0.25,0.00,0.4000,0.40,276.32,16.00,0.93,r,0
iso90_0,0.00,0.00,0.25,0.00,0.4000,0.40,277.82,16.00,1.06,[],0
iso90_0,0.00,0.00,0.25,0.00,0.4000,0.40,279.62,16.00,0.76,r,0
iso90_0,0.00,0.00,0.25,0.00,0.4000,0.40,280.82,16.00,0.76,b,1
iso90_0,0.00,0.00,0.25,0.00,0.4000,0.40,282.62,16.00,1.06,[],0
iso90_0,0.00,0.00,0.25,0.00,0.4000,0.40,284.12,16.00,0.76,b,0
iso90_0,0.00,0.00,0.25,0.00,0.4000,0.40,285.62,16.00,0.76,b,1
iso90_0,0.00,0.00,0.25,0.00,0.4000,0.40,286.82,16.00,0.76,r,0
iso_22,22.50,22.50,0.00,0.00,0.4000,0.40,288.62,16.00,1.06,[],0
iso_22,22.50,22.50,0.00,0.00,0.4000,0.40,289.82,16.00,1.06,[],0
iso_22,22.50,22.50,0.00,0.00,0.4000,0.40,291.32,16.00,0.76,b,1
iso_22,22.50,22.50,0.00,0.00,0.4000,0.40,292.82,16.00,0.76,r,1
iso_22,22.50,22.50,0.00,0.00,0.4000,0.40,294.02,16.00,1.06,[],0
iso_22,22.50,22.50,0.00,0.00,0.4000,0.40,295.82,16.00,1.06,[],0
iso_22,22.50,22.50,0.00,0.00,0.4000,0.40,297.32,16.00,1.06,[],0
iso_22,22.50,22.50,0.00,0.00,0.4000,0.40,298.82,16.00,0.76,r,1
rest_45,45.00,135.00,0.00,0.00,0.0000,0.40,300.62,16.00,1.07,[],0
rest_45,45.00,135.00,0.00,0.00,0.0000,0.40,302.42,16.00,1.07,[],0
rest_45,45.00,135.00,0.00,0.00,0.0000,0.40,304.22,16.00,1.06,[],0
rest_45,45.00,135.00,0.00,0.00,0.0000,0.40,305.42,16.00,0.76,b,0
rest_45,45.00,135.00,0.00,0.00,0.0000,0.40,306.92,16.00,0.76,b,0
rest_45,45.00,135.00,0.00,0.00,0.0000,0.40,308.42,16.00,1.07,[],0
rest_45,45.00,135.00,0.00,0.00,0.0000,0.40,309.62,16.00,1.01,r,1
rest_45,45.00,135.00,0.00,0.00,0.0000,0.40,310.82,16.00,1.07,[],0
iso90_135,135.00,135.00,0.25,0.00,0.4000,0.40,312.03,16.00,0.76,r,1
iso90_135,135.00,135.00,0.25,0.00,0.4000,0.40,313.53,16.00,0.76,r,0
iso90_135,135.00,135.00,0.25,0.00,0.4000,0.40,315.33,16.00,0.76,r,0
iso90_135,135.00,135.00,0.25,0.00,0.4000,0.40,316.53,16.00,0.76,b,1
iso90_135,135.00,135.00,0.25,0.00,0.4000,0.40,318.33,16.00,1.06,[],0
iso90_135,135.00,135.00,0.25,0.00,0.4000,0.40,319.83,16.00,0.76,b,1
iso90_135,135.00,135.00,0.25,0.00,0.4000,0.40,321.03,16.00,0.76,r,1
iso90_135,135.00,135.00,0.25,0.00,0.4000,0.40,322.83,16.00,1.06,[],0
orth_112,112.50,202.50,0.00,0.00,0.4000,0.40,324.03,16.00,0.76,r,0
orth_112,112.50,202.50,0.00,0.00,0.4000,0.40,325.53,16.00,0.76,r,0
orth_112,112.50,202.50,0.00,0.00,0.4000,0.40,326.73,16.00,0.76,r,0
orth_112,112.50,202.50,0.00,0.00,0.4000,0.40,327.93,16.00,1.06,[],0
orth_112,112.50,202.50,0.00,0.00,0.4000,0.40,329.73,16.00,0.76,r,1
orth_112,112.50,202.50,0.00,0.00,0.4000,0.40,331.53,16.00,1.06,[],0
orth_112,112.50,202.50,0.00,0.00,0.4000,0.40,333.03,16.00,0.76,r,0
orth_112,112.50,202.50,0.00,0.00,0.4000,0.40,334.83,16.00,1.06,[],0
surround_135,45.00,135.00,0.00,0.00,0.0000,0.40,336.33,16.00,0.76,b,0
surround_135,45.00,135.00,0.00,0.00,0.0000,0.40,338.13,16.00,1.06,r,0
surround_135,45.00,135.00,0.00,0.00,0.0000,0.40,339.63,16.00,1.06,[],0
surround_135,45.00,135.00,0.00,0.00,0.0000,0.40,341.43,16.00,0.76,b,0
surround_135,45.00,135.00,0.00,0.00,0.0000,0.40,342.63,16.00,0.92,b,0
surround_135,45.00,135.00,0.00,0.00,0.0000,0.40,344.13,16.00,1.06,[],0
surround_135,45.00,135.00,0.00,0.00,0.0000,0.40,345.33,16.00,1.06,[],0
surround_135,45.00,135.00,0.00,0.00,0.0000,0.40,346.83,16.00,0.76,b,0
iso_90,90.00,90.00,0.00,0.00,0.4000,0.40,348.33,16.00,1.06,[],0
iso_90,90.00,90.00,0.00,0.00,0.4000,0.40,349.53,16.00,0.76,b,0
iso_90,90.00,90.00,0.00,0.00,0.4000,0.40,351.33,16.00,0.76,r,1
iso_90,90.00,90.00,0.00,0.00,0.4000,0.40,353.13,16.00,0.76,b,0
iso_90,90.00,90.00,0.00,0.00,0.4000,0.40,354.63,16.00,0.76,r,1
iso_90,90.00,90.00,0.00,0.00,0.4000,0.40,356.13,16.00,1.06,[],0
iso_90,90.00,90.00,0.00,0.00,0.4000,0.40,357.63,16.00,0.76,r,0
iso_90,90.00,90.00,0.00,0.00,0.4000,0.40,358.83,16.00,0.76,b,0
rest_45,45.00,135.00,0.00,0.00,0.0000,0.40,360.63,16.00,1.06,[],0
rest_45,45.00,135.00,0.00,0.00,0.0000,0.40,361.83,16.00,1.06,[],0
rest_45,45.00,135.00,0.00,0.00,0.0000,0.40,363.33,16.00,0.76,r,0
rest_45,45.00,135.00,0.00,0.00,0.0000,0.40,364.83,16.00,0.76,b,1
rest_45,45.00,135.00,0.00,0.00,0.0000,0.40,366.63,16.00,0.77,r,1
rest_45,45.00,135.00,0.00,0.00,0.0000,0.40,367.83,16.00,0.76,b,1
rest_45,45.00,135.00,0.00,0.00,0.0000,0.40,369.03,12.00,0.76,r,0
rest_45,45.00,135.00,0.00,0.00,0.0000,0.40,370.83,16.00,0.82,b,0
surround_180,90.00,180.00,0.00,0.00,0.0000,0.40,372.33,16.00,1.07,[],0
surround_180,90.00,180.00,0.00,0.00,0.0000,0.40,374.13,16.00,1.06,[],0
surround_180,90.00,180.00,0.00,0.00,0.0000,0.40,375.63,16.00,0.76,b,0
surround_180,90.00,180.00,0.00,0.00,0.0000,0.40,377.43,16.00,0.76,r,1
surround_180,90.00,180.00,0.00,0.00,0.0000,0.40,378.63,16.00,0.77,b,0
surround_180,90.00,180.00,0.00,0.00,0.0000,0.40,379.83,16.00,0.76,r,0
surround_180,90.00,180.00,0.00,0.00,0.0000,0.40,381.03,16.00,0.75,r,1
surround_180,90.00,180.00,0.00,0.00,0.0000,0.40,382.83,16.00,0.90,r,1
iso90_22,22.50,22.50,0.25,0.00,0.4000,0.40,384.33,16.00,1.07,[],0
iso90_22,22.50,22.50,0.25,0.00,0.4000,0.40,386.13,16.00,1.07,[],0
iso90_22,22.50,22.50,0.25,0.00,0.4000,0.40,387.33,16.00,0.77,b,1
iso90_22,22.50,22.50,0.25,0.00,0.4000,0.40,389.13,16.00,0.77,b,1
iso90_22,22.50,22.50,0.25,0.00,0.4000,0.40,390.33,16.00,0.77,r,1
iso90_22,22.50,22.50,0.25,0.00,0.4000,0.40,391.83,12.00,0.77,r,1
iso90_22,22.50,22.50,0.25,0.00,0.4000,0.40,393.33,12.00,1.07,[],0
iso90_22,22.50,22.50,0.25,0.00,0.4000,0.40,394.83,16.00,0.77,b,0
iso_67,67.50,67.50,0.00,0.00,0.4000,0.40,396.03,16.00,1.07,[],0
iso_67,67.50,67.50,0.00,0.00,0.4000,0.40,397.83,16.00,0.77,r,0
iso_67,67.50,67.50,0.00,0.00,0.4000,0.40,399.33,16.00,0.77,b,1
iso_67,67.50,67.50,0.00,0.00,0.4000,0.40,400.53,16.00,0.77,r,1
iso_67,67.50,67.50,0.00,0.00,0.4000,0.40,402.33,16.00,1.03,r,0
iso_67,67.50,67.50,0.00,0.00,0.4000,0.40,404.13,16.00,0.96,r,1
iso_67,67.50,67.50,0.00,0.00,0.4000,0.40,405.63,16.00,0.76,b,1
iso_67,67.50,67.50,0.00,0.00,0.4000,0.40,406.83,16.00,0.76,r,0
orth_0,0.00,90.00,0.00,0.00,0.4000,0.40,408.03,16.00,0.76,r,1
orth_0,0.00,90.00,0.00,0.00,0.4000,0.40,409.53,16.00,0.77,r,0
orth_0,0.00,90.00,0.00,0.00,0.4000,0.40,410.73,16.00,0.76,b,1
orth_0,0.00,90.00,0.00,0.00,0.4000,0.40,412.53,16.00,1.06,[],0
orth_0,0.00,90.00,0.00,0.00,0.4000,0.40,414.33,16.00,1.06,[],0
orth_0,0.00,90.00,0.00,0.00,0.4000,0.40,415.53,16.00,0.76,b,1
orth_0,0.00,90.00,0.00,0.00,0.4000,0.40,417.03,16.00,0.76,r,1
orth_0,0.00,90.00,0.00,0.00,0.4000,0.40,418.83,16.00,1.06,[],0
rest_112,112.50,202.50,0.00,0.00,0.0000,0.40,420.03,16.00,0.96,b,0
rest_112,112.50,202.50,0.00,0.00,0.0000,0.40,421.53,16.00,1.06,[],0
rest_112,112.50,202.50,0.00,0.00,0.0000,0.40,423.33,16.00,0.76,b,1
rest_112,112.50,202.50,0.00,0.00,0.0000,0.40,424.53,16.00,0.76,r,1
rest_112,112.50,202.50,0.00,0.00,0.0000,0.40,426.03,16.00,0.76,r,1
rest_112,112.50,202.50,0.00,0.00,0.0000,0.40,427.83,12.00,1.06,[],0
rest_112,112.50,202.50,0.00,0.00,0.0000,0.40,429.63,16.00,1.06,[],0
rest_112,112.50,202.50,0.00,0.00,0.0000,0.40,430.83,16.00,0.76,r,1
iso90_157,157.50,157.50,0.25,0.00,0.4000,0.40,432.33,16.00,1.06,[],0
iso90_157,157.50,157.50,0.25,0.00,0.4000,0.40,434.13,16.00,1.06,[],0
iso90_157,157.50,157.50,0.25,0.00,0.4000,0.40,435.33,16.00,1.06,[],0
iso90_157,157.50,157.50,0.25,0.00,0.4000,0.40,436.83,16.00,0.81,r,1
iso90_157,157.50,157.50,0.25,0.00,0.4000,0.40,438.03,16.00,1.06,[],0
iso90_157,157.50,157.50,0.25,0.00,0.4000,0.40,439.83,16.00,0.84,r,0
iso90_157,157.50,157.50,0.25,0.00,0.4000,0.40,441.03,16.00,0.76,r,1
iso90_157,157.50,157.50,0.25,0.00,0.4000,0.40,442.83,16.00,1.06,[],0
surround_247,157.50,247.50,0.00,0.00,0.0000,0.40,444.03,16.00,0.76,r,1
surround_247,157.50,247.50,0.00,0.00,0.0000,0.40,445.23,16.00,0.76,r,0
surround_247,157.50,247.50,0.00,0.00,0.0000,0.40,446.73,16.00,0.76,r,0
surround_247,157.50,247.50,0.00,0.00,0.0000,0.40,448.23,16.00,1.06,[],0
surround_247,157.50,247.50,0.00,0.00,0.0000,0.40,450.03,16.00,1.06,[],0
surround_247,157.50,247.50,0.00,0.00,0.0000,0.40,451.83,16.00,1.06,[],0
surround_247,157.50,247.50,0.00,0.00,0.0000,0.40,453.63,16.00,0.76,r,0
surround_247,157.50,247.50,0.00,0.00,0.0000,0.40,454.83,16.00,0.76,r,0
iso_45,45.00,45.00,0.00,0.00,0.4000,0.40,456.63,16.00,0.85,r,0
iso_45,45.00,45.00,0.00,0.00,0.4000,0.40,458.13,16.00,1.05,b,0
iso_45,45.00,45.00,0.00,0.00,0.4000,0.40,459.63,16.00,0.95,b,0
iso_45,45.00,45.00,0.00,0.00,0.4000,0.40,460.83,16.00,1.06,[],0
iso_45,45.00,45.00,0.00,0.00,0.4000,0.40,462.63,16.00,0.76,r,1
iso_45,45.00,45.00,0.00,0.00,0.4000,0.40,463.83,16.00,1.06,[],0
iso_45,45.00,45.00,0.00,0.00,0.4000,0.40,465.63,16.00,1.06,[],0
iso_45,45.00,45.00,0.00,0.00,0.4000,0.40,466.83,16.00,1.06,[],0
orth_22,22.50,112.50,0.00,0.00,0.4000,0.40,468.63,16.00,0.76,r,0
orth_22,22.50,112.50,0.00,0.00,0.4000,0.40,469.83,16.00,0.76,r,0
orth_22,22.50,112.50,0.00,0.00,0.4000,0.40,471.03,16.00,0.76,b,1
orth_22,22.50,112.50,0.00,0.00,0.4000,0.40,472.83,16.00,1.06,[],0
orth_22,22.50,112.50,0.00,0.00,0.4000,0.40,474.63,16.00,0.76,r,0
orth_22,22.50,112.50,0.00,0.00,0.4000,0.40,475.83,16.00,1.06,[],0
orth_22,22.50,112.50,0.00,0.00,0.4000,0.40,477.33,16.00,0.76,b,1
orth_22,22.50,112.50,0.00,0.00,0.4000,0.40,478.83,16.00,0.76,b,0
rest_45,45.00,135.00,0.00,0.00,0.0000,0.40,480.03,16.00,0.90,b,1
rest_45,45.00,135.00,0.00,0.00,0.0000,0.40,481.83,16.00,1.06,[],0
rest_45,45.00,135.00,0.00,0.00,0.0000,0.40,483.33,16.00,0.76,r,1
rest_45,45.00,135.00,0.00,0.00,0.0000,0.40,484.53,16.00,0.76,b,0
rest_45,45.00,135.00,0.00,0.00,0.0000,0.40,486.33,16.00,1.06,[],0
rest_45,45.00,135.00,0.00,0.00,0.0000,0.40,488.13,16.00,1.07,[],0
rest_45,45.00,135.00,0.00,0.00,0.0000,0.40,489.34,16.00,0.77,b,0
rest_45,45.00,135.00,0.00,0.00,0.0000,0.40,490.84,16.00,0.77,b,0
