label,tgtOri,surOri,tgtPh,surPh,tgtC,surC,onset,deltaOri,RT,response,correct
surround_22,0.00,22.50,0.00,0.00,0.0000,0.40,0.01,6.00,0.98,r,1
surround_22,0.00,22.50,0.00,0.00,0.0000,0.40,1.51,6.00,0.78,r,1
surround_22,0.00,22.50,0.00,0.00,0.0000,0.40,3.31,4.00,0.85,r,1
surround_22,0.00,22.50,0.00,0.00,0.0000,0.40,5.11,4.00,0.97,b,1
surround_22,0.00,22.50,0.00,0.00,0.0000,0.40,6.61,4.00,0.78,r,1
surround_22,0.00,22.50,0.00,0.00,0.0000,0.40,7.81,3.00,0.80,r,1
surround_22,0.00,22.50,0.00,0.00,0.0000,0.40,9.01,3.00,0.79,b,1
surround_22,0.00,22.50,0.00,0.00,0.0000,0.40,10.81,3.00,0.81,r,0
center_22,22.50,0.00,0.50,0.00,0.4000,0.40,12.01,4.00,0.79,b,1
center_22,22.50,0.00,0.50,0.00,0.4000,0.40,13.51,4.00,1.04,[],0
center_22,22.50,0.00,0.50,0.00,0.4000,0.40,15.01,6.00,0.79,b,1
center_22,22.50,0.00,0.50,0.00,0.4000,0.40,16.81,6.00,0.81,r,1
center_22,22.50,0.00,0.50,0.00,0.4000,0.40,18.31,6.00,1.04,[],0
center_22,22.50,0.00,0.50,0.00,0.4000,0.40,19.81,8.00,0.90,r,1
center_22,22.50,0.00,0.50,0.00,0.4000,0.40,21.31,8.00,0.87,b,1
center_22,22.50,0.00,0.50,0.00,0.4000,0.40,22.81,8.00,0.94,b,1
surround_90,0.00,90.00,0.00,0.00,0.0000,0.40,24.01,6.00,0.99,r,1
surround_90,0.00,90.00,0.00,0.00,0.0000,0.40,25.51,6.00,0.88,b,1
surround_90,0.00,90.00,0.00,0.00,0.0000,0.40,26.71,6.00,0.88,r,1
surround_90,0.00,90.00,0.00,0.00,0.0000,0.40,28.21,4.00,0.90,r,1
surround_90,0.00,90.00,0.00,0.00,0.0000,0.40,29.71,4.00,0.97,r,1
surround_90,0.00,90.00,0.00,0.00,0.0000,0.40,31.21,4.00,0.92,r,1
surround_90,0.00,90.00,0.00,0.00,0.0000,0.40,33.01,3.00,0.95,r,1
surround_90,0.00,90.00,0.00,0.00,0.0000,0.40,34.81,3.00,0.91,r,1
center_112,112.50,0.00,0.50,0.00,0.4000,0.40,36.61,3.00,0.85,b,1
center_112,112.50,0.00,0.50,0.00,0.4000,0.40,38.41,2.00,0.82,r,1
center_112,112.50,0.00,0.50,0.00,0.4000,0.40,39.61,2.00,0.91,b,0
center_112,112.50,0.00,0.50,0.00,0.4000,0.40,40.81,3.00,0.94,b,1
center_112,112.50,0.00,0.50,0.00,0.4000,0.40,42.31,3.00,0.84,b,1
center_112,112.50,0.00,0.50,0.00,0.4000,0.40,44.11,3.00,0.79,b,1
center_112,112.50,0.00,0.50,0.00,0.4000,0.40,45.61,2.00,0.81,r,1
center_112,112.50,0.00,0.50,0.00,0.4000,0.40,46.81,2.00,0.80,r,1
surround_22,0.00,22.50,0.00,0.00,0.0000,0.40,48.31,2.00,0.81,r,1
surround_22,0.00,22.50,0.00,0.00,0.0000,0.40,50.11,1.00,0.85,r,0
surround_22,0.00,22.50,0.00,0.00,0.0000,0.40,51.31,2.00,0.87,b,1
surround_22,0.00,22.50,0.00,0.00,0.0000,0.40,53.11,2.00,0.81,r,0
surround_22,0.00,22.50,0.00,0.00,0.0000,0.40,54.61,3.00,0.80,b,1
surround_22,0.00,22.50,0.00,0.00,0.0000,0.40,56.11,3.00,0.83,r,1
surround_22,0.00,22.50,0.00,0.00,0.0000,0.40,57.61,3.00,1.05,[],0
surround_22,0.00,22.50,0.00,0.00,0.0000,0.40,58.81,4.00,0.86,r,1
center_90,90.00,0.00,0.50,0.00,0.4000,0.40,60.31,4.00,0.75,b,0
center_90,90.00,0.00,0.50,0.00,0.4000,0.40,61.81,6.00,0.74,b,1
center_90,90.00,0.00,0.50,0.00,0.4000,0.40,63.31,6.00,1.04,[],0
center_90,90.00,0.00,0.50,0.00,0.4000,0.40,64.81,8.00,0.78,r,1
center_90,90.00,0.00,0.50,0.00,0.4000,0.40,66.31,8.00,0.83,b,1
center_90,90.00,0.00,0.50,0.00,0.4000,0.40,68.11,8.00,1.01,b,1
center_90,90.00,0.00,0.50,0.00,0.4000,0.40,69.31,6.00,0.85,r,1
center_90,90.00,0.00,0.50,0.00,0.4000,0.40,70.81,6.00,0.74,r,1
surround_67,0.00,67.50,0.00,0.00,0.0000,0.40,72.01,6.00,0.92,b,1
surround_67,0.00,67.50,0.00,0.00,0.0000,0.40,73.81,4.00,0.77,r,1
surround_67,0.00,67.50,0.00,0.00,0.0000,0.40,75.01,4.00,0.85,b,1
surround_67,0.00,67.50,0.00,0.00,0.0000,0.40,76.51,4.00,0.87,b,1
surround_67,0.00,67.50,0.00,0.00,0.0000,0.40,78.01,3.00,0.84,b,1
surround_67,0.00,67.50,0.00,0.00,0.0000,0.40,79.51,3.00,0.84,r,1
surround_67,0.00,67.50,0.00,0.00,0.0000,0.40,81.01,3.00,0.84,b,1
surround_67,0.00,67.50,0.00,0.00,0.0000,0.40,82.81,2.00,0.93,r,0
center_45,45.00,0.00,0.50,0.00,0.4000,0.40,84.31,3.00,0.82,b,1
center_45,45.00,0.00,0.50,0.00,0.4000,0.40,86.11,3.00,0.85,b,1
center_45,45.00,0.00,0.50,0.00,0.4000,0.40,87.61,3.00,0.83,b,1
center_45,45.00,0.00,0.50,0.00,0.4000,0.40,89.11,2.00,0.77,b,1
center_45,45.00,0.00,0.50,0.00,0.4000,0.40,90.91,2.00,0.85,b,1
center_45,45.00,0.00,0.50,0.00,0.4000,0.40,92.41,2.00,0.84,r,1
center_45,45.00,0.00,0.50,0.00,0.4000,0.40,93.61,1.00,0.94,b,0
center_45,45.00,0.00,0.50,0.00,0.4000,0.40,94.81,2.00,0.89,r,1
surround_135,0.00,135.00,0.00,0.00,0.0000,0.40,96.61,2.00,0.93,r,1
surround_135,0.00,135.00,0.00,0.00,0.0000,0.40,98.11,2.00,0.81,r,0
surround_135,0.00,135.00,0.00,0.00,0.0000,0.40,99.91,3.00,0.93,b,1
surround_135,0.00,135.00,0.00,0.00,0.0000,0.40,101.11,3.00,0.89,r,0
surround_135,0.00,135.00,0.00,0.00,0.0000,0.40,102.31,4.00,0.86,r,1
surround_135,0.00,135.00,0.00,0.00,0.0000,0.40,104.11,4.00,0.95,r,1
surround_135,0.00,135.00,0.00,0.00,0.0000,0.40,105.61,4.00,0.80,b,1
surround_135,0.00,135.00,0.00,0.00,0.0000,0.40,106.81,3.00,0.92,b,1
center_157,157.50,0.00,0.50,0.00,0.4000,0.40,108.01,3.00,0.86,r,0
center_157,157.50,0.00,0.50,0.00,0.4000,0.40,109.51,4.00,0.81,r,1
center_157,157.50,0.00,0.50,0.00,0.4000,0.40,110.71,4.00,0.96,b,1
center_157,157.50,0.00,0.50,0.00,0.4000,0.40,112.51,4.00,0.87,b,1
center_157,157.50,0.00,0.50,0.00,0.4000,0.40,114.01,3.00,0.93,b,1
center_157,157.50,0.00,0.50,0.00,0.4000,0.40,115.81,3.00,0.84,r,0
center_157,157.50,0.00,0.50,0.00,0.4000,0.40,117.01,4.00,0.87,b,1
center_157,157.50,0.00,0.50,0.00,0.4000,0.40,118.81,4.00,0.79,b,1
surround_112,0.00,112.50,0.00,0.00,0.0000,0.40,120.01,4.00,0.83,b,1
surround_112,0.00,112.50,0.00,0.00,0.0000,0.40,121.51,3.00,0.75,b,0
surround_112,0.00,112.50,0.00,0.00,0.0000,0.40,122.71,4.00,0.91,b,1
surround_112,0.00,112.50,0.00,0.00,0.0000,0.40,124.21,4.00,0.85,r,1
surround_112,0.00,112.50,0.00,0.00,0.0000,0.40,126.01,4.00,1.06,[],0
surround_112,0.00,112.50,0.00,0.00,0.0000,0.40,127.81,6.00,0.79,b,1
surround_112,0.00,112.50,0.00,0.00,0.0000,0.40,129.31,6.00,0.79,r,1
surround_112,0.00,112.50,0.00,0.00,0.0000,0.40,130.81,6.00,0.77,b,1
center_135,135.00,0.00,0.50,0.00,0.4000,0.40,132.01,4.00,0.90,b,1
center_135,135.00,0.00,0.50,0.00,0.4000,0.40,133.51,4.00,1.06,[],0
center_135,135.00,0.00,0.50,0.00,0.4000,0.40,135.01,6.00,0.79,b,1
center_135,135.00,0.00,0.50,0.00,0.4000,0.40,136.81,6.00,0.91,b,1
center_135,135.00,0.00,0.50,0.00,0.4000,0.40,138.01,6.00,0.83,r,1
center_135,135.00,0.00,0.50,0.00,0.4000,0.40,139.21,4.00,0.84,b,1
center_135,135.00,0.00,0.50,0.00,0.4000,0.40,141.01,4.00,0.76,r,1
center_135,135.00,0.00,0.50,0.00,0.4000,0.40,142.81,4.00,1.06,[],0
surround_45,0.00,45.00,0.00,0.00,0.0000,0.40,144.61,6.00,0.79,r,1
surround_45,0.00,45.00,0.00,0.00,0.0000,0.40,146.41,6.00,1.05,[],0
surround_45,0.00,45.00,0.00,0.00,0.0000,0.40,147.61,8.00,0.84,r,1
surround_45,0.00,45.00,0.00,0.00,0.0000,0.40,149.11,8.00,0.84,b,1
surround_45,0.00,45.00,0.00,0.00,0.0000,0.40,150.31,8.00,0.83,r,1
surround_45,0.00,45.00,0.00,0.00,0.0000,0.40,152.11,6.00,0.82,r,1
surround_45,0.00,45.00,0.00,0.00,0.0000,0.40,153.31,6.00,0.85,r,1
surround_45,0.00,45.00,0.00,0.00,0.0000,0.40,154.81,6.00,0.93,b,1
center_0,0.00,0.00,0.50,0.00,0.4000,0.40,156.31,4.00,0.81,b,1
center_0,0.00,0.00,0.50,0.00,0.4000,0.40,157.81,4.00,0.84,b,1
center_0,0.00,0.00,0.50,0.00,0.4000,0.40,159.01,4.00,0.85,b,1
center_0,0.00,0.00,0.50,0.00,0.4000,0.40,160.21,3.00,0.86,b,1
center_0,0.00,0.00,0.50,0.00,0.4000,0.40,161.71,3.00,0.82,b,1
center_0,0.00,0.00,0.50,0.00,0.4000,0.40,163.51,3.00,0.78,r,1
center_0,0.00,0.00,0.50,0.00,0.4000,0.40,165.31,2.00,0.76,b,1
center_0,0.00,0.00,0.50,0.00,0.4000,0.40,166.81,2.00,0.75,b,1
surround_0,0.00,0.00,0.00,0.00,0.0000,0.40,168.61,2.00,0.77,b,1
surround_0,0.00,0.00,0.00,0.00,0.0000,0.40,169.81,1.00,0.81,r,1
surround_0,0.00,0.00,0.00,0.00,0.0000,0.40,171.31,1.00,0.83,b,0
surround_0,0.00,0.00,0.00,0.00,0.0000,0.40,172.51,2.00,0.82,b,1
surround_0,0.00,0.00,0.00,0.00,0.0000,0.40,174.01,2.00,0.79,r,1
surround_0,0.00,0.00,0.00,0.00,0.0000,0.40,175.21,2.00,0.91,b,0
surround_0,0.00,0.00,0.00,0.00,0.0000,0.40,177.01,3.00,0.84,b,1
surround_0,0.00,0.00,0.00,0.00,0.0000,0.40,178.81,3.00,0.77,b,1
center_67,67.50,0.00,0.50,0.00,0.4000,0.40,180.31,3.00,0.84,b,1
center_67,67.50,0.00,0.50,0.00,0.4000,0.40,182.11,2.00,0.78,b,1
center_67,67.50,0.00,0.50,0.00,0.4000,0.40,183.91,2.00,0.89,b,1
center_67,67.50,0.00,0.50,0.00,0.4000,0.40,185.11,2.00,0.83,r,1
center_67,67.50,0.00,0.50,0.00,0.4000,0.40,186.31,1.00,0.92,b,1
center_67,67.50,0.00,0.50,0.00,0.4000,0.40,188.11,1.00,0.85,b,1
center_67,67.50,0.00,0.50,0.00,0.4000,0.40,189.61,1.00,0.93,b,0
center_67,67.50,0.00,0.50,0.00,0.4000,0.40,190.81,2.00,0.87,b,0
surround_157,0.00,157.50,0.00,0.00,0.0000,0.40,192.01,3.00,0.89,b,0
surround_157,0.00,157.50,0.00,0.00,0.0000,0.40,193.51,4.00,0.81,r,1
surround_157,0.00,157.50,0.00,0.00,0.0000,0.40,194.71,4.00,1.03,[],0
surround_157,0.00,157.50,0.00,0.00,0.0000,0.40,196.51,6.00,0.86,r,1
surround_157,0.00,157.50,0.00,0.00,0.0000,0.40,197.71,6.00,0.87,b,1
surround_157,0.00,157.50,0.00,0.00,0.0000,0.40,199.51,6.00,0.80,r,1
surround_157,0.00,157.50,0.00,0.00,0.0000,0.40,201.01,4.00,0.87,b,1
surround_157,0.00,157.50,0.00,0.00,0.0000,0.40,202.81,4.00,1.02,b,1
