label,tgtOri,surOri,tgtPh,surPh,tgtC,surC,onset,deltaOri,RT,response,correct
surround_45,90.00,45.00,0.00,0.00,0.0000,0.40,0.01,6.00,0.84,b,0
surround_45,90.00,45.00,0.00,0.00,0.0000,0.40,1.81,8.00,1.06,[],0
surround_45,90.00,45.00,0.00,0.00,0.0000,0.40,3.61,12.00,1.06,[],0
surround_45,90.00,45.00,0.00,0.00,0.0000,0.40,4.81,16.00,0.76,r,1
surround_45,90.00,45.00,0.00,0.00,0.0000,0.40,6.31,16.00,1.06,[],0
surround_45,90.00,45.00,0.00,0.00,0.0000,0.40,7.81,16.00,1.06,[],0
surround_45,90.00,45.00,0.00,0.00,0.0000,0.40,9.31,16.00,0.76,b,0
surround_45,90.00,45.00,0.00,0.00,0.0000,0.40,10.51,16.00,0.76,r,0
center_135,135.00,0.00,0.50,0.00,0.4000,0.40,11.71,16.00,1.06,[],0
center_135,135.00,0.00,0.50,0.00,0.4000,0.40,13.51,16.00,1.06,[],0
center_135,135.00,0.00,0.50,0.00,0.4000,0.40,14.71,16.00,0.76,r,1
center_135,135.00,0.00,0.50,0.00,0.4000,0.40,15.91,16.00,1.06,[],0
center_135,135.00,0.00,0.50,0.00,0.4000,0.40,17.71,16.00,1.06,[],0
center_135,135.00,0.00,0.50,0.00,0.4000,0.40,19.51,16.00,0.76,b,0
center_135,135.00,0.00,0.50,0.00,0.4000,0.40,21.01,16.00,0.76,r,0
center_135,135.00,0.00,0.50,0.00,0.4000,0.40,22.51,16.00,1.07,[],0
surround_67,0.00,67.50,0.00,0.00,0.0000,0.40,24.01,16.00,1.07,[],0
surround_67,0.00,67.50,0.00,0.00,0.0000,0.40,25.81,16.00,1.06,[],0
surround_67,0.00,67.50,0.00,0.00,0.0000,0.40,27.31,16.00,0.76,r,0
surround_67,0.00,67.50,0.00,0.00,0.0000,0.40,28.81,16.00,0.76,b,1
surround_67,0.00,67.50,0.00,0.00,0.0000,0.40,30.31,16.00,1.07,[],0
surround_67,0.00,67.50,0.00,0.00,0.0000,0.40,31.81,16.00,1.07,[],0
surround_67,0.00,67.50,0.00,0.00,0.0000,0.40,33.02,16.00,0.77,r,0
surround_67,0.00,67.50,0.00,0.00,0.0000,0.40,34.52,16.00,1.07,[],0
center_67,67.50,0.00,0.50,0.00,0.4000,0.40,35.72,16.00,1.06,[],0
center_67,67.50,0.00,0.50,0.00,0.4000,0.40,37.22,16.00,0.76,r,1
center_67,67.50,0.00,0.50,0.00,0.4000,0.40,38.72,16.00,0.76,r,1
center_67,67.50,0.00,0.50,0.00,0.4000,0.40,40.22,16.00,1.06,[],0
center_67,67.50,0.00,0.50,0.00,0.4000,0.40,42.02,16.00,1.06,[],0
center_67,67.50,0.00,0.50,0.00,0.4000,0.40,43.22,16.00,0.79,r,0
center_67,67.50,0.00,0.50,0.00,0.4000,0.40,44.72,16.00,0.77,r,0
center_67,67.50,0.00,0.50,0.00,0.4000,0.40,46.52,16.00,1.06,[],0
surround_157,0.00,157.50,0.00,0.00,0.0000,0.40,48.32,16.00,1.06,[],0
surround_157,0.00,157.50,0.00,0.00,0.0000,0.40,49.52,16.00,1.06,[],0
surround_157,0.00,157.50,0.00,0.00,0.0000,0.40,51.32,16.00,0.76,r,1
surround_157,0.00,157.50,0.00,0.00,0.0000,0.40,53.12,16.00,0.76,r,0
surround_157,0.00,157.50,0.00,0.00,0.0000,0.40,54.32,16.00,0.76,b,1
surround_157,0.00,157.50,0.00,0.00,0.0000,0.40,55.52,16.00,0.77,r,1
surround_157,0.00,157.50,0.00,0.00,0.0000,0.40,57.32,16.00,0.76,b,1
surround_157,0.00,157.50,0.00,0.00,0.0000,0.40,58.52,12.00,0.76,b,0
center_157,157.50,0.00,0.50,0.00,0.4000,0.40,60.02,16.00,1.06,[],0
center_157,157.50,0.00,0.50,0.00,0.4000,0.40,61.52,16.00,0.76,r,0
center_157,157.50,0.00,0.50,0.00,0.4000,0.40,63.32,16.00,0.76,b,0
center_157,157.50,0.00,0.50,0.00,0.4000,0.40,64.82,16.00,0.76,b,1
center_157,157.50,0.00,0.50,0.00,0.4000,0.40,66.02,16.00,1.06,[],0
center_157,157.50,0.00,0.50,0.00,0.4000,0.40,67.82,16.00,1.06,[],0
center_157,157.50,0.00,0.50,0.00,0.4000,0.40,69.32,16.00,0.76,r,0
center_157,157.50,0.00,0.50,0.00,0.4000,0.40,70.52,16.00,0.76,b,0
surround_112,0.00,112.50,0.00,0.00,0.0000,0.40,71.72,16.00,1.06,[],0
surround_112,0.00,112.50,0.00,0.00,0.0000,0.40,73.22,16.00,0.87,b,1
surround_112,0.00,112.50,0.00,0.00,0.0000,0.40,74.72,16.00,0.76,b,0
surround_112,0.00,112.50,0.00,0.00,0.0000,0.40,76.52,16.00,1.06,[],0
surround_112,0.00,112.50,0.00,0.00,0.0000,0.40,78.02,16.00,1.06,[],0
surround_112,0.00,112.50,0.00,0.00,0.0000,0.40,79.52,16.00,0.88,r,0
surround_112,0.00,112.50,0.00,0.00,0.0000,0.40,81.32,16.00,1.06,[],0
surround_112,0.00,112.50,0.00,0.00,0.0000,0.40,82.52,16.00,0.94,b,1
center_45,45.00,0.00,0.50,0.00,0.4000,0.40,83.72,16.00,0.86,b,0
center_45,45.00,0.00,0.50,0.00,0.4000,0.40,85.52,16.00,1.06,[],0
center_45,45.00,0.00,0.50,0.00,0.4000,0.40,86.72,16.00,0.80,r,1
center_45,45.00,0.00,0.50,0.00,0.4000,0.40,88.52,16.00,1.06,[],0
center_45,45.00,0.00,0.50,0.00,0.4000,0.40,90.02,16.00,0.82,r,1
center_45,45.00,0.00,0.50,0.00,0.4000,0.40,91.82,16.00,1.06,[],0
center_45,45.00,0.00,0.50,0.00,0.4000,0.40,93.02,16.00,0.76,b,1
center_45,45.00,0.00,0.50,0.00,0.4000,0.40,94.52,16.00,1.06,[],0
surround_22,0.00,22.50,0.00,0.00,0.0000,0.40,95.72,16.00,0.84,r,1
surround_22,0.00,22.50,0.00,0.00,0.0000,0.40,96.92,16.00,0.76,r,1
surround_22,0.00,22.50,0.00,0.00,0.0000,0.40,98.72,16.00,1.07,[],0
surround_22,0.00,22.50,0.00,0.00,0.0000,0.40,100.52,16.00,1.07,[],0
surround_22,0.00,22.50,0.00,0.00,0.0000,0.40,101.73,16.00,0.81,b,1
surround_22,0.00,22.50,0.00,0.00,0.0000,0.40,103.23,16.00,0.77,b,1
surround_22,0.00,22.50,0.00,0.00,0.0000,0.40,105.03,16.00,0.78,b,1
surround_22,0.00,22.50,0.00,0.00,0.0000,0.40,106.53,12.00,1.07,[],0
center_22,22.50,0.00,0.50,0.00,0.4000,0.40,108.33,16.00,1.07,[],0
center_22,22.50,0.00,0.50,0.00,0.4000,0.40,110.13,16.00,1.07,[],0
center_22,22.50,0.00,0.50,0.00,0.4000,0.40,111.63,16.00,1.07,[],0
center_22,22.50,0.00,0.50,0.00,0.4000,0.40,112.83,16.00,0.76,b,1
center_22,22.50,0.00,0.50,0.00,0.4000,0.40,114.33,16.00,1.06,[],0
center_22,22.50,0.00,0.50,0.00,0.4000,0.40,116.13,16.00,1.06,[],0
center_22,22.50,0.00,0.50,0.00,0.4000,0.40,117.33,16.00,0.79,r,1
center_22,22.50,0.00,0.50,0.00,0.4000,0.40,118.53,16.00,0.76,b,1
surround_0,0.00,0.00,0.00,0.00,0.0000,0.40,120.03,16.00,0.80,r,1
surround_0,0.00,0.00,0.00,0.00,0.0000,0.40,121.83,12.00,1.06,[],0
surround_0,0.00,0.00,0.00,0.00,0.0000,0.40,123.33,16.00,0.78,b,1
surround_0,0.00,0.00,0.00,0.00,0.0000,0.40,124.83,16.00,0.76,r,1
surround_0,0.00,0.00,0.00,0.00,0.0000,0.40,126.03,16.00,1.06,[],0
surround_0,0.00,0.00,0.00,0.00,0.0000,0.40,127.23,16.00,0.76,r,1
surround_0,0.00,0.00,0.00,0.00,0.0000,0.40,129.03,16.00,0.76,r,1
surround_0,0.00,0.00,0.00,0.00,0.0000,0.40,130.53,16.00,1.06,[],0
center_112,112.50,0.00,0.50,0.00,0.4000,0.40,132.03,16.00,1.06,[],0
center_112,112.50,0.00,0.50,0.00,0.4000,0.40,133.23,16.00,0.76,r,1
center_112,112.50,0.00,0.50,0.00,0.4000,0.40,134.73,16.00,0.76,b,1
center_112,112.50,0.00,0.50,0.00,0.4000,0.40,136.53,16.00,1.06,[],0
center_112,112.50,0.00,0.50,0.00,0.4000,0.40,137.73,16.00,1.06,[],0
center_112,112.50,0.00,0.50,0.00,0.4000,0.40,139.23,16.00,0.76,r,1
center_112,112.50,0.00,0.50,0.00,0.4000,0.40,140.73,16.00,0.76,r,1
center_112,112.50,0.00,0.50,0.00,0.4000,0.40,142.53,16.00,1.06,[],0
surround_90,0.00,90.00,0.00,0.00,0.0000,0.40,144.03,16.00,1.06,[],0
surround_90,0.00,90.00,0.00,0.00,0.0000,0.40,145.83,16.00,0.85,r,0
surround_90,0.00,90.00,0.00,0.00,0.0000,0.40,147.03,16.00,0.88,b,1
surround_90,0.00,90.00,0.00,0.00,0.0000,0.40,148.23,16.00,0.77,r,1
surround_90,0.00,90.00,0.00,0.00,0.0000,0.40,149.73,16.00,0.83,r,1
surround_90,0.00,90.00,0.00,0.00,0.0000,0.40,151.23,12.00,0.76,b,1
surround_90,0.00,90.00,0.00,0.00,0.0000,0.40,153.03,12.00,0.76,r,0
surround_90,0.00,90.00,0.00,0.00,0.0000,0.40,154.53,16.00,1.06,[],0
center_0,0.00,0.00,0.50,0.00,0.4000,0.40,156.33,16.00,1.06,[],0
center_0,0.00,0.00,0.50,0.00,0.4000,0.40,157.53,16.00,1.06,[],0
center_0,0.00,0.00,0.50,0.00,0.4000,0.40,159.03,16.00,0.76,b,1
center_0,0.00,0.00,0.50,0.00,0.4000,0.40,160.83,16.00,1.06,[],0
center_0,0.00,0.00,0.50,0.00,0.4000,0.40,162.03,16.00,0.76,b,1
center_0,0.00,0.00,0.50,0.00,0.4000,0.40,163.83,16.00,1.06,[],0
center_0,0.00,0.00,0.50,0.00,0.4000,0.40,165.33,16.00,0.76,r,1
center_0,0.00,0.00,0.50,0.00,0.4000,0.40,166.53,16.00,0.76,b,1
surround_135,0.00,135.00,0.00,0.00,0.0000,0.40,168.33,16.00,1.06,[],0
surround_135,0.00,135.00,0.00,0.00,0.0000,0.40,169.53,16.00,1.06,[],0
surround_135,0.00,135.00,0.00,0.00,0.0000,0.40,170.73,16.00,0.76,b,1
surround_135,0.00,135.00,0.00,0.00,0.0000,0.40,172.23,16.00,1.06,[],0
surround_135,0.00,135.00,0.00,0.00,0.0000,0.40,173.43,16.00,0.85,r,1
surround_135,0.00,135.00,0.00,0.00,0.0000,0.40,175.23,16.00,0.76,r,0
surround_135,0.00,135.00,0.00,0.00,0.0000,0.40,176.73,16.00,0.76,b,1
surround_135,0.00,135.00,0.00,0.00,0.0000,0.40,178.53,16.00,1.06,[],0
center_90,90.00,0.00,0.50,0.00,0.4000,0.40,180.03,16.00,0.80,r,0
center_90,90.00,0.00,0.50,0.00,0.4000,0.40,181.23,16.00,0.76,r,1
center_90,90.00,0.00,0.50,0.00,0.4000,0.40,182.73,16.00,0.76,r,1
center_90,90.00,0.00,0.50,0.00,0.4000,0.40,184.23,16.00,1.06,[],0
center_90,90.00,0.00,0.50,0.00,0.4000,0.40,185.73,16.00,1.06,[],0
center_90,90.00,0.00,0.50,0.00,0.4000,0.40,187.53,16.00,1.06,[],0
center_90,90.00,0.00,0.50,0.00,0.4000,0.40,189.03,16.00,0.76,b,1
center_90,90.00,0.00,0.50,0.00,0.4000,0.40,190.53,16.00,0.81,b,1
surround_45,0.00,45.00,0.00,0.00,0.0000,0.40,192.03,16.00,0.85,r,0
surround_45,0.00,45.00,0.00,0.00,0.0000,0.40,193.83,16.00,0.77,r,1
surround_45,0.00,45.00,0.00,0.00,0.0000,0.40,195.03,16.00,0.76,r,0
surround_45,0.00,45.00,0.00,0.00,0.0000,0.40,196.23,16.00,0.91,r,0
surround_45,0.00,45.00,0.00,0.00,0.0000,0.40,198.03,16.00,1.06,[],0
surround_45,0.00,45.00,0.00,0.00,0.0000,0.40,199.23,16.00,0.76,r,1
surround_45,0.00,45.00,0.00,0.00,0.0000,0.40,201.03,16.00,0.76,b,1
surround_45,0.00,45.00,0.00,0.00,0.0000,0.40,202.53,16.00,1.07,[],0
