label,tgtOri,surOri,tgtPh,surPh,tgtC,surC,onset,deltaOri,RT,response,correct
rest_0,0.00,90.00,0.00,0.00,0.0000,0.40,0.30,6.00,1.08,[],0
rest_0,0.00,90.00,0.00,0.00,0.0000,0.40,1.51,8.00,0.77,r,0
rest_0,0.00,90.00,0.00,0.00,0.0000,0.40,3.31,12.00,0.77,r,1
rest_0,0.00,90.00,0.00,0.00,0.0000,0.40,5.11,12.00,0.78,r,1
rest_0,0.00,90.00,0.00,0.00,0.0000,0.40,6.61,12.00,0.77,r,1
rest_0,0.00,90.00,0.00,0.00,0.0000,0.40,7.81,8.00,1.07,[],0
rest_0,0.00,90.00,0.00,0.00,0.0000,0.40,9.01,12.00,0.77,r,1
rest_0,0.00,90.00,0.00,0.00,0.0000,0.40,10.51,12.00,1.07,[],0
orth_112,112.50,202.50,0.00,0.00,0.4000,0.40,11.71,16.00,1.06,[],0
orth_112,112.50,202.50,0.00,0.00,0.4000,0.40,13.51,16.00,0.85,r,1
orth_112,112.50,202.50,0.00,0.00,0.4000,0.40,15.01,16.00,1.06,[],0
orth_112,112.50,202.50,0.00,0.00,0.4000,0.40,16.21,16.00,0.79,r,0
orth_112,112.50,202.50,0.00,0.00,0.4000,0.40,18.01,16.00,1.06,[],0
orth_112,112.50,202.50,0.00,0.00,0.4000,0.40,19.51,16.00,0.79,r,1
orth_112,112.50,202.50,0.00,0.00,0.4000,0.40,21.01,16.00,0.76,r,1
orth_112,112.50,202.50,0.00,0.00,0.4000,0.40,22.51,16.00,0.76,r,1
iso_67,67.50,67.50,0.00,0.00,0.4000,0.40,24.01,12.00,1.06,[],0
iso_67,67.50,67.50,0.00,0.00,0.4000,0.40,25.51,16.00,1.06,[],0
iso_67,67.50,67.50,0.00,0.00,0.4000,0.40,27.01,16.00,0.80,b,1
iso_67,67.50,67.50,0.00,0.00,0.4000,0.40,28.51,16.00,0.83,b,0
iso_67,67.50,67.50,0.00,0.00,0.4000,0.40,30.31,16.00,0.80,b,0
iso_67,67.50,67.50,0.00,0.00,0.4000,0.40,31.51,16.00,0.76,b,0
iso_67,67.50,67.50,0.00,0.00,0.4000,0.40,33.01,16.00,0.76,r,1
iso_67,67.50,67.50,0.00,0.00,0.4000,0.40,34.51,16.00,1.06,[],0
iso90_45,45.00,45.00,0.25,0.00,0.4000,0.40,36.31,16.00,1.06,[],0
iso90_45,45.00,45.00,0.25,0.00,0.4000,0.40,37.81,16.00,0.85,r,1
iso90_45,45.00,45.00,0.25,0.00,0.4000,0.40,39.31,16.00,0.88,b,0
iso90_45,45.00,45.00,0.25,0.00,0.4000,0.40,41.11,16.00,0.76,r,1
iso90_45,45.00,45.00,0.25,0.00,0.4000,0.40,42.61,16.00,0.76,b,0
iso90_45,45.00,45.00,0.25,0.00,0.4000,0.40,43.81,16.00,0.79,r,1
iso90_45,45.00,45.00,0.25,0.00,0.4000,0.40,45.01,16.00,0.76,b,1
iso90_45,45.00,45.00,0.25,0.00,0.4000,0.40,46.51,16.00,1.06,[],0
surround_202,112.50,202.50,0.00,0.00,0.0000,0.40,48.01,16.00,1.06,[],0
surround_202,112.50,202.50,0.00,0.00,0.0000,0.40,49.51,16.00,1.06,[],0
surround_202,112.50,202.50,0.00,0.00,0.0000,0.40,51.01,16.00,0.76,b,0
surround_202,112.50,202.50,0.00,0.00,0.0000,0.40,52.21,16.00,1.06,[],0
surround_202,112.50,202.50,0.00,0.00,0.0000,0.40,54.01,16.00,1.06,[],0
surround_202,112.50,202.50,0.00,0.00,0.0000,0.40,55.21,16.00,0.76,b,0
surround_202,112.50,202.50,0.00,0.00,0.0000,0.40,56.71,16.00,0.76,r,1
surround_202,112.50,202.50,0.00,0.00,0.0000,0.40,58.51,16.00,1.06,[],0
rest_90,90.00,180.00,0.00,0.00,0.0000,0.40,60.01,16.00,0.80,b,0
rest_90,90.00,180.00,0.00,0.00,0.0000,0.40,61.51,16.00,1.06,[],0
rest_90,90.00,180.00,0.00,0.00,0.0000,0.40,62.71,16.00,0.76,b,0
rest_90,90.00,180.00,0.00,0.00,0.0000,0.40,64.51,16.00,1.06,[],0
rest_90,90.00,180.00,0.00,0.00,0.0000,0.40,65.71,16.00,0.84,b,1
rest_90,90.00,180.00,0.00,0.00,0.0000,0.40,66.91,16.00,0.76,r,1
rest_90,90.00,180.00,0.00,0.00,0.0000,0.40,68.71,16.00,1.06,[],0
rest_90,90.00,180.00,0.00,0.00,0.0000,0.40,70.51,16.00,1.07,[],0
iso_157,157.50,157.50,0.00,0.00,0.4000,0.40,71.72,16.00,0.79,r,1
iso_157,157.50,157.50,0.00,0.00,0.4000,0.40,72.92,16.00,0.77,r,1
iso_157,157.50,157.50,0.00,0.00,0.4000,0.40,74.72,16.00,0.78,b,0
iso_157,157.50,157.50,0.00,0.00,0.4000,0.40,76.52,16.00,1.06,[],0
iso_157,157.50,157.50,0.00,0.00,0.4000,0.40,78.32,16.00,1.06,[],0
iso_157,157.50,157.50,0.00,0.00,0.4000,0.40,79.52,16.00,1.06,[],0
iso_157,157.50,157.50,0.00,0.00,0.4000,0.40,81.02,16.00,0.76,b,0
iso_157,157.50,157.50,0.00,0.00,0.4000,0.40,82.52,16.00,1.06,[],0
surround_157,67.50,157.50,0.00,0.00,0.0000,0.40,84.32,16.00,1.06,[],0
surround_157,67.50,157.50,0.00,0.00,0.0000,0.40,85.82,16.00,0.77,b,0
surround_157,67.50,157.50,0.00,0.00,0.0000,0.40,87.62,16.00,1.06,[],0
surround_157,67.50,157.50,0.00,0.00,0.0000,0.40,88.82,16.00,0.76,r,1
surround_157,67.50,157.50,0.00,0.00,0.0000,0.40,90.02,16.00,0.76,r,0
surround_157,67.50,157.50,0.00,0.00,0.0000,0.40,91.52,16.00,1.06,[],0
surround_157,67.50,157.50,0.00,0.00,0.0000,0.40,92.72,16.00,0.76,r,0
surround_157,67.50,157.50,0.00,0.00,0.0000,0.40,94.52,16.00,1.06,[],0
orth_45,45.00,135.00,0.00,0.00,0.4000,0.40,96.32,16.00,0.78,b,1
orth_45,45.00,135.00,0.00,0.00,0.4000,0.40,97.52,16.00,0.87,b,0
orth_45,45.00,135.00,0.00,0.00,0.4000,0.40,99.02,16.00,0.76,r,1
orth_45,45.00,135.00,0.00,0.00,0.4000,0.40,100.22,16.00,1.06,[],0
orth_45,45.00,135.00,0.00,0.00,0.4000,0.40,102.02,16.00,1.06,[],0
orth_45,45.00,135.00,0.00,0.00,0.4000,0.40,103.52,16.00,1.06,[],0
orth_45,45.00,135.00,0.00,0.00,0.4000,0.40,105.32,16.00,0.76,r,1
orth_45,45.00,135.00,0.00,0.00,0.4000,0.40,106.52,16.00,0.76,r,1
iso90_22,22.50,22.50,0.25,0.00,0.4000,0.40,108.02,16.00,1.06,[],0
iso90_22,22.50,22.50,0.25,0.00,0.4000,0.40,109.52,16.00,0.81,b,1
iso90_22,22.50,22.50,0.25,0.00,0.4000,0.40,111.32,16.00,1.06,[],0
iso90_22,22.50,22.50,0.25,0.00,0.4000,0.40,112.82,16.00,0.84,b,1
iso90_22,22.50,22.50,0.25,0.00,0.4000,0.40,114.62,16.00,0.84,b,0
iso90_22,22.50,22.50,0.25,0.00,0.4000,0.40,115.82,16.00,0.86,b,1
iso90_22,22.50,22.50,0.25,0.00,0.4000,0.40,117.02,16.00,0.78,b,0
iso90_22,22.50,22.50,0.25,0.00,0.4000,0.40,118.52,16.00,1.06,[],0
rest_112,112.50,202.50,0.00,0.00,0.0000,0.40,119.72,16.00,1.06,[],0
rest_112,112.50,202.50,0.00,0.00,0.0000,0.40,120.92,16.00,0.76,b,1
rest_112,112.50,202.50,0.00,0.00,0.0000,0.40,122.72,16.00,0.85,r,1
rest_112,112.50,202.50,0.00,0.00,0.0000,0.40,124.22,16.00,0.77,r,1
rest_112,112.50,202.50,0.00,0.00,0.0000,0.40,126.02,12.00,1.06,[],0
rest_112,112.50,202.50,0.00,0.00,0.0000,0.40,127.52,16.00,1.06,[],0
rest_112,112.50,202.50,0.00,0.00,0.0000,0.40,129.32,16.00,0.77,b,1
rest_112,112.50,202.50,0.00,0.00,0.0000,0.40,130.52,16.00,0.80,b,0
iso90_67,67.50,67.50,0.25,0.00,0.4000,0.40,132.02,16.00,0.78,r,0
iso90_67,67.50,67.50,0.25,0.00,0.4000,0.40,133.82,16.00,1.06,[],0
iso90_67,67.50,67.50,0.25,0.00,0.4000,0.40,135.62,16.00,1.06,[],0
iso90_67,67.50,67.50,0.25,0.00,0.4000,0.40,137.12,16.00,0.76,r,0
iso90_67,67.50,67.50,0.25,0.00,0.4000,0.40,138.32,16.00,0.76,b,1
iso90_67,67.50,67.50,0.25,0.00,0.4000,0.40,139.52,16.00,1.06,[],0
iso90_67,67.50,67.50,0.25,0.00,0.4000,0.40,141.02,16.00,0.76,b,0
iso90_67,67.50,67.50,0.25,0.00,0.4000,0.40,142.52,16.00,1.07,[],0
surround_90,0.00,90.00,0.00,0.00,0.0000,0.40,144.32,16.00,0.82,b,0
surround_90,0.00,90.00,0.00,0.00,0.0000,0.40,145.52,16.00,1.07,[],0
surround_90,0.00,90.00,0.00,0.00,0.0000,0.40,146.73,16.00,0.77,b,1
surround_90,0.00,90.00,0.00,0.00,0.0000,0.40,147.93,16.00,0.84,r,1
surround_90,0.00,90.00,0.00,0.00,0.0000,0.40,149.13,16.00,0.96,b,1
surround_90,0.00,90.00,0.00,0.00,0.0000,0.40,150.93,12.00,0.83,b,0
surround_90,0.00,90.00,0.00,0.00,0.0000,0.40,152.73,16.00,0.85,b,1
surround_90,0.00,90.00,0.00,0.00,0.0000,0.40,154.53,16.00,0.82,r,0
iso_135,135.00,135.00,0.00,0.00,0.4000,0.40,155.73,16.00,0.87,b,1
iso_135,135.00,135.00,0.00,0.00,0.4000,0.40,156.93,16.00,0.90,r,1
iso_135,135.00,135.00,0.00,0.00,0.4000,0.40,158.73,16.00,0.77,b,1
iso_135,135.00,135.00,0.00,0.00,0.4000,0.40,160.23,12.00,1.06,[],0
iso_135,135.00,135.00,0.00,0.00,0.4000,0.40,162.03,16.00,0.81,b,0
iso_135,135.00,135.00,0.00,0.00,0.4000,0.40,163.53,16.00,0.99,b,0
iso_135,135.00,135.00,0.00,0.00,0.4000,0.40,165.03,16.00,0.93,b,0
iso_135,135.00,135.00,0.00,0.00,0.4000,0.40,166.53,16.00,1.03,r,1
orth_0,0.00,90.00,0.00,0.00,0.4000,0.40,168.03,16.00,0.78,r,1
orth_0,0.00,90.00,0.00,0.00,0.4000,0.40,169.83,16.00,1.06,[],0
orth_0,0.00,90.00,0.00,0.00,0.4000,0.40,171.33,16.00,1.06,[],0
orth_0,0.00,90.00,0.00,0.00,0.4000,0.40,172.53,16.00,0.90,r,0
orth_0,0.00,90.00,0.00,0.00,0.4000,0.40,174.03,16.00,1.06,[],0
orth_0,0.00,90.00,0.00,0.00,0.4000,0.40,175.23,16.00,0.79,r,1
orth_0,0.00,90.00,0.00,0.00,0.4000,0.40,177.03,16.00,0.76,r,0
orth_0,0.00,90.00,0.00,0.00,0.4000,0.40,178.53,16.00,1.06,[],0
rest_67,67.50,157.50,0.00,0.00,0.0000,0.40,180.33,16.00,1.06,[],0
rest_67,67.50,157.50,0.00,0.00,0.0000,0.40,181.53,16.00,1.06,[],0
rest_67,67.50,157.50,0.00,0.00,0.0000,0.40,183.33,16.00,0.76,b,0
rest_67,67.50,157.50,0.00,0.00,0.0000,0.40,184.83,16.00,0.76,r,0
rest_67,67.50,157.50,0.00,0.00,0.0000,0.40,186.03,16.00,1.06,[],0
rest_67,67.50,157.50,0.00,0.00,0.0000,0.40,187.23,16.00,0.76,b,1
rest_67,67.50,157.50,0.00,0.00,0.0000,0.40,189.03,16.00,0.76,b,1
rest_67,67.50,157.50,0.00,0.00,0.0000,0.40,190.53,16.00,0.79,b,0
surround_180,90.00,180.00,0.00,0.00,0.0000,0.40,192.03,16.00,0.80,r,1
surround_180,90.00,180.00,0.00,0.00,0.0000,0.40,193.23,16.00,0.77,r,1
surround_180,90.00,180.00,0.00,0.00,0.0000,0.40,195.03,16.00,0.76,r,0
surround_180,90.00,180.00,0.00,0.00,0.0000,0.40,196.53,16.00,1.06,[],0
surround_180,90.00,180.00,0.00,0.00,0.0000,0.40,197.73,16.00,0.79,b,1
surround_180,90.00,180.00,0.00,0.00,0.0000,0.40,199.23,16.00,0.76,b,0
surround_180,90.00,180.00,0.00,0.00,0.0000,0.40,201.03,16.00,0.76,r,0
surround_180,90.00,180.00,0.00,0.00,0.0000,0.40,202.53,16.00,1.06,[],0
iso_0,0.00,0.00,0.00,0.00,0.4000,0.40,204.03,16.00,1.06,[],0
iso_0,0.00,0.00,0.00,0.00,0.4000,0.40,205.53,16.00,1.06,[],0
iso_0,0.00,0.00,0.00,0.00,0.4000,0.40,207.03,16.00,0.76,r,0
iso_0,0.00,0.00,0.00,0.00,0.4000,0.40,208.23,16.00,0.78,b,1
iso_0,0.00,0.00,0.00,0.00,0.4000,0.40,210.03,16.00,1.06,[],0
iso_0,0.00,0.00,0.00,0.00,0.4000,0.40,211.83,16.00,0.79,b,1
iso_0,0.00,0.00,0.00,0.00,0.4000,0.40,213.03,16.00,1.06,[],0
iso_0,0.00,0.00,0.00,0.00,0.4000,0.40,214.53,16.00,0.76,r,1
iso90_0,0.00,0.00,0.25,0.00,0.4000,0.40,215.73,16.00,0.85,r,0
iso90_0,0.00,0.00,0.25,0.00,0.4000,0.40,217.53,16.00,1.06,[],0
iso90_0,0.00,0.00,0.25,0.00,0.4000,0.40,219.03,16.00,0.76,r,0
iso90_0,0.00,0.00,0.25,0.00,0.4000,0.40,220.83,16.00,1.06,[],0
iso90_0,0.00,0.00,0.25,0.00,0.4000,0.40,222.63,16.00,0.76,r,1
iso90_0,0.00,0.00,0.25,0.00,0.4000,0.40,223.83,16.00,1.06,[],0
iso90_0,0.00,0.00,0.25,0.00,0.4000,0.40,225.03,16.00,0.92,b,1
iso90_0,0.00,0.00,0.25,0.00,0.4000,0.40,226.53,16.00,0.76,r,1
orth_90,90.00,180.00,0.00,0.00,0.4000,0.40,227.73,16.00,0.81,b,1
orth_90,90.00,180.00,0.00,0.00,0.4000,0.40,229.53,12.00,1.06,[],0
orth_90,90.00,180.00,0.00,0.00,0.4000,0.40,231.33,16.00,0.76,b,1
orth_90,90.00,180.00,0.00,0.00,0.4000,0.40,232.83,16.00,0.76,b,1
orth_90,90.00,180.00,0.00,0.00,0.4000,0.40,234.33,16.00,0.82,r,1
orth_90,90.00,180.00,0.00,0.00,0.4000,0.40,236.13,12.00,1.06,[],0
orth_90,90.00,180.00,0.00,0.00,0.4000,0.40,237.33,16.00,0.84,r,1
orth_90,90.00,180.00,0.00,0.00,0.4000,0.40,238.53,16.00,0.93,r,0
rest_90,90.00,180.00,0.00,0.00,0.0000,0.40,240.03,16.00,1.07,[],0
rest_90,90.00,180.00,0.00,0.00,0.0000,0.40,241.83,16.00,1.06,[],0
rest_90,90.00,180.00,0.00,0.00,0.0000,0.40,243.03,16.00,0.76,b,1
rest_90,90.00,180.00,0.00,0.00,0.0000,0.40,244.83,16.00,1.06,[],0
rest_90,90.00,180.00,0.00,0.00,0.0000,0.40,246.03,16.00,0.81,b,1
rest_90,90.00,180.00,0.00,0.00,0.0000,0.40,247.53,16.00,0.77,b,1
rest_90,90.00,180.00,0.00,0.00,0.0000,0.40,248.73,16.00,0.82,r,1
rest_90,90.00,180.00,0.00,0.00,0.0000,0.40,250.53,12.00,1.07,[],0
iso90_157,157.50,157.50,0.25,0.00,0.4000,0.40,252.33,16.00,0.84,r,0
iso90_157,157.50,157.50,0.25,0.00,0.4000,0.40,254.13,16.00,0.87,b,1
iso90_157,157.50,157.50,0.25,0.00,0.4000,0.40,255.33,16.00,0.87,b,0
iso90_157,157.50,157.50,0.25,0.00,0.4000,0.40,256.83,16.00,0.77,r,1
iso90_157,157.50,157.50,0.25,0.00,0.4000,0.40,258.03,16.00,0.86,b,1
iso90_157,157.50,157.50,0.25,0.00,0.4000,0.40,259.83,16.00,1.07,[],0
iso90_157,157.50,157.50,0.25,0.00,0.4000,0.40,261.03,16.00,0.88,r,1
iso90_157,157.50,157.50,0.25,0.00,0.4000,0.40,262.53,16.00,0.98,r,1
iso_45,45.00,45.00,0.00,0.00,0.4000,0.40,263.73,16.00,1.03,b,1
iso_45,45.00,45.00,0.00,0.00,0.4000,0.40,264.93,12.00,0.86,r,0
iso_45,45.00,45.00,0.00,0.00,0.4000,0.40,266.73,16.00,1.07,[],0
iso_45,45.00,45.00,0.00,0.00,0.4000,0.40,267.93,16.00,1.07,[],0
iso_45,45.00,45.00,0.00,0.00,0.4000,0.40,269.43,16.00,1.07,[],0
iso_45,45.00,45.00,0.00,0.00,0.4000,0.40,271.23,16.00,0.78,b,1
iso_45,45.00,45.00,0.00,0.00,0.4000,0.40,272.73,16.00,0.86,b,0
iso_45,45.00,45.00,0.00,0.00,0.4000,0.40,274.53,16.00,0.77,b,1
surround_112,22.50,112.50,0.00,0.00,0.0000,0.40,276.03,16.00,0.84,b,1
surround_112,22.50,112.50,0.00,0.00,0.0000,0.40,277.83,16.00,0.85,b,0
surround_112,22.50,112.50,0.00,0.00,0.0000,0.40,279.63,16.00,0.82,r,1
surround_112,22.50,112.50,0.00,0.00,0.0000,0.40,280.83,16.00,0.77,r,1
surround_112,22.50,112.50,0.00,0.00,0.0000,0.40,282.33,16.00,0.79,r,1
surround_112,22.50,112.50,0.00,0.00,0.0000,0.40,283.83,12.00,0.85,r,1
surround_112,22.50,112.50,0.00,0.00,0.0000,0.40,285.03,12.00,0.91,r,1
surround_112,22.50,112.50,0.00,0.00,0.0000,0.40,286.53,12.00,0.86,r,0
orth_22,22.50,112.50,0.00,0.00,0.4000,0.40,288.33,16.00,0.93,b,0
orth_22,22.50,112.50,0.00,0.00,0.4000,0.40,289.83,16.00,0.98,r,1
orth_22,22.50,112.50,0.00,0.00,0.4000,0.40,291.03,16.00,1.04,r,0
orth_22,22.50,112.50,0.00,0.00,0.4000,0.40,292.23,16.00,0.93,b,0
orth_22,22.50,112.50,0.00,0.00,0.4000,0.40,293.73,16.00,1.06,[],0
orth_22,22.50,112.50,0.00,0.00,0.4000,0.40,294.93,16.00,0.95,r,1
orth_22,22.50,112.50,0.00,0.00,0.4000,0.40,296.73,16.00,0.89,r,0
orth_22,22.50,112.50,0.00,0.00,0.4000,0.40,298.53,16.00,0.90,b,0
rest_90,90.00,180.00,0.00,0.00,0.0000,0.40,299.73,16.00,1.06,[],0
rest_90,90.00,180.00,0.00,0.00,0.0000,0.40,301.23,16.00,0.76,b,0
rest_90,90.00,180.00,0.00,0.00,0.0000,0.40,302.73,16.00,0.76,b,0
rest_90,90.00,180.00,0.00,0.00,0.0000,0.40,304.23,16.00,0.78,b,1
rest_90,90.00,180.00,0.00,0.00,0.0000,0.40,306.03,16.00,0.82,b,1
rest_90,90.00,180.00,0.00,0.00,0.0000,0.40,307.83,16.00,0.76,b,1
rest_90,90.00,180.00,0.00,0.00,0.0000,0.40,309.03,12.00,0.78,b,0
rest_90,90.00,180.00,0.00,0.00,0.0000,0.40,310.53,16.00,1.06,[],0
iso90_112,112.50,112.50,0.25,0.00,0.4000,0.40,311.73,16.00,0.84,r,0
iso90_112,112.50,112.50,0.25,0.00,0.4000,0.40,312.93,16.00,1.02,b,1
iso90_112,112.50,112.50,0.25,0.00,0.4000,0.40,314.73,16.00,0.83,b,1
iso90_112,112.50,112.50,0.25,0.00,0.4000,0.40,316.23,16.00,1.06,[],0
iso90_112,112.50,112.50,0.25,0.00,0.4000,0.40,318.03,16.00,0.84,r,0
iso90_112,112.50,112.50,0.25,0.00,0.4000,0.40,319.23,16.00,0.89,b,1
iso90_112,112.50,112.50,0.25,0.00,0.4000,0.40,321.03,16.00,0.76,b,0
iso90_112,112.50,112.50,0.25,0.00,0.4000,0.40,322.53,16.00,1.06,[],0
iso_90,90.00,90.00,0.00,0.00,0.4000,0.40,323.73,16.00,0.77,b,1
iso_90,90.00,90.00,0.00,0.00,0.4000,0.40,325.53,16.00,1.06,[],0
iso_90,90.00,90.00,0.00,0.00,0.4000,0.40,327.33,16.00,0.76,b,1
iso_90,90.00,90.00,0.00,0.00,0.4000,0.40,329.13,16.00,0.76,r,1
iso_90,90.00,90.00,0.00,0.00,0.4000,0.40,330.33,16.00,0.88,b,1
iso_90,90.00,90.00,0.00,0.00,0.4000,0.40,331.53,12.00,1.06,[],0
iso_90,90.00,90.00,0.00,0.00,0.4000,0.40,332.73,16.00,1.06,[],0
iso_90,90.00,90.00,0.00,0.00,0.4000,0.40,334.53,16.00,1.06,[],0
surround_247,157.50,247.50,0.00,0.00,0.0000,0.40,336.03,16.00,0.80,r,1
surround_247,157.50,247.50,0.00,0.00,0.0000,0.40,337.83,16.00,0.79,r,0
surround_247,157.50,247.50,0.00,0.00,0.0000,0.40,339.63,16.00,1.06,[],0
surround_247,157.50,247.50,0.00,0.00,0.0000,0.40,340.83,16.00,0.78,r,0
surround_247,157.50,247.50,0.00,0.00,0.0000,0.40,342.33,16.00,1.06,[],0
surround_247,157.50,247.50,0.00,0.00,0.0000,0.40,343.53,16.00,1.06,[],0
surround_247,157.50,247.50,0.00,0.00,0.0000,0.40,344.73,16.00,1.06,[],0
surround_247,157.50,247.50,0.00,0.00,0.0000,0.40,346.53,16.00,1.06,[],0
orth_157,157.50,247.50,0.00,0.00,0.4000,0.40,347.73,16.00,0.88,r,1
orth_157,157.50,247.50,0.00,0.00,0.4000,0.40,349.53,16.00,0.76,r,1
orth_157,157.50,247.50,0.00,0.00,0.4000,0.40,351.33,16.00,1.07,[],0
orth_157,157.50,247.50,0.00,0.00,0.4000,0.40,352.83,16.00,0.98,b,0
orth_157,157.50,247.50,0.00,0.00,0.4000,0.40,354.03,16.00,1.06,[],0
orth_157,157.50,247.50,0.00,0.00,0.4000,0.40,355.83,16.00,0.78,r,0
orth_157,157.50,247.50,0.00,0.00,0.4000,0.40,357.33,16.00,1.06,[],0
orth_157,157.50,247.50,0.00,0.00,0.4000,0.40,358.53,16.00,0.76,r,1
rest_22,22.50,112.50,0.00,0.00,0.0000,0.40,360.33,16.00,1.07,[],0
rest_22,22.50,112.50,0.00,0.00,0.0000,0.40,361.83,16.00,1.06,[],0
rest_22,22.50,112.50,0.00,0.00,0.0000,0.40,363.33,16.00,0.76,r,1
rest_22,22.50,112.50,0.00,0.00,0.0000,0.40,365.13,16.00,0.76,b,0
rest_22,22.50,112.50,0.00,0.00,0.0000,0.40,366.63,16.00,0.76,r,1
rest_22,22.50,112.50,0.00,0.00,0.0000,0.40,368.13,16.00,1.07,[],0
rest_22,22.50,112.50,0.00,0.00,0.0000,0.40,369.34,16.00,0.77,r,1
rest_22,22.50,112.50,0.00,0.00,0.0000,0.40,370.54,16.00,0.77,r,1
orth_135,135.00,225.00,0.00,0.00,0.4000,0.40,372.34,16.00,0.78,r,1
orth_135,135.00,225.00,0.00,0.00,0.4000,0.40,373.84,12.00,1.07,[],0
orth_135,135.00,225.00,0.00,0.00,0.4000,0.40,375.64,16.00,1.07,[],0
orth_135,135.00,225.00,0.00,0.00,0.4000,0.40,376.84,16.00,0.77,r,1
orth_135,135.00,225.00,0.00,0.00,0.4000,0.40,378.34,16.00,1.07,[],0
orth_135,135.00,225.00,0.00,0.00,0.4000,0.40,379.84,16.00,1.07,[],0
orth_135,135.00,225.00,0.00,0.00,0.4000,0.40,381.34,16.00,1.06,[],0
orth_135,135.00,225.00,0.00,0.00,0.4000,0.40,382.54,16.00,0.85,r,1
surround_225,135.00,225.00,0.00,0.00,0.0000,0.40,384.04,16.00,1.06,[],0
surround_225,135.00,225.00,0.00,0.00,0.0000,0.40,385.24,16.00,0.77,r,1
surround_225,135.00,225.00,0.00,0.00,0.0000,0.40,387.04,16.00,0.76,r,0
surround_225,135.00,225.00,0.00,0.00,0.0000,0.40,388.84,16.00,1.06,[],0
surround_225,135.00,225.00,0.00,0.00,0.0000,0.40,390.04,16.00,0.77,b,1
surround_225,135.00,225.00,0.00,0.00,0.0000,0.40,391.54,16.00,1.06,[],0
surround_225,135.00,225.00,0.00,0.00,0.0000,0.40,393.34,16.00,1.06,[],0
surround_225,135.00,225.00,0.00,0.00,0.0000,0.40,394.54,16.00,0.76,r,1
iso_112,112.50,112.50,0.00,0.00,0.4000,0.40,396.34,16.00,1.06,[],0
iso_112,112.50,112.50,0.00,0.00,0.4000,0.40,397.84,16.00,1.06,[],0
iso_112,112.50,112.50,0.00,0.00,0.4000,0.40,399.34,16.00,0.76,r,0
iso_112,112.50,112.50,0.00,0.00,0.4000,0.40,400.54,16.00,0.76,b,0
iso_112,112.50,112.50,0.00,0.00,0.4000,0.40,402.34,16.00,1.06,[],0
iso_112,112.50,112.50,0.00,0.00,0.4000,0.40,403.84,16.00,0.78,r,1
iso_112,112.50,112.50,0.00,0.00,0.4000,0.40,405.34,16.00,0.79,r,0
iso_112,112.50,112.50,0.00,0.00,0.4000,0.40,406.54,16.00,0.77,r,1
iso90_135,135.00,135.00,0.25,0.00,0.4000,0.40,408.04,16.00,1.06,[],0
iso90_135,135.00,135.00,0.25,0.00,0.4000,0.40,409.24,16.00,1.06,[],0
iso90_135,135.00,135.00,0.25,0.00,0.4000,0.40,410.44,16.00,0.78,b,0
iso90_135,135.00,135.00,0.25,0.00,0.4000,0.40,411.94,16.00,1.06,[],0
iso90_135,135.00,135.00,0.25,0.00,0.4000,0.40,413.14,16.00,0.77,r,0
iso90_135,135.00,135.00,0.25,0.00,0.4000,0.40,414.94,16.00,0.76,b,0
iso90_135,135.00,135.00,0.25,0.00,0.4000,0.40,416.74,16.00,0.76,r,1
iso90_135,135.00,135.00,0.25,0.00,0.4000,0.40,418.54,16.00,0.79,b,1
rest_157,157.50,247.50,0.00,0.00,0.0000,0.40,420.34,16.00,1.06,[],0
rest_157,157.50,247.50,0.00,0.00,0.0000,0.40,422.14,16.00,1.06,[],0
rest_157,157.50,247.50,0.00,0.00,0.0000,0.40,423.34,16.00,1.06,[],0
rest_157,157.50,247.50,0.00,0.00,0.0000,0.40,425.14,16.00,0.76,b,1
rest_157,157.50,247.50,0.00,0.00,0.0000,0.40,426.64,16.00,0.76,b,1
rest_157,157.50,247.50,0.00,0.00,0.0000,0.40,427.84,16.00,1.06,[],0
rest_157,157.50,247.50,0.00,0.00,0.0000,0.40,429.04,16.00,0.76,b,1
rest_157,157.50,247.50,0.00,0.00,0.0000,0.40,430.54,16.00,1.06,[],0
iso90_90,90.00,90.00,0.25,0.00,0.4000,0.40,431.74,16.00,1.06,[],0
iso90_90,90.00,90.00,0.25,0.00,0.4000,0.40,432.94,16.00,1.06,[],0
iso90_90,90.00,90.00,0.25,0.00,0.4000,0.40,434.74,16.00,0.76,b,1
iso90_90,90.00,90.00,0.25,0.00,0.4000,0.40,436.24,16.00,0.78,b,1
iso90_90,90.00,90.00,0.25,0.00,0.4000,0.40,437.74,16.00,0.98,r,1
iso90_90,90.00,90.00,0.25,0.00,0.4000,0.40,438.94,12.00,0.86,r,1
iso90_90,90.00,90.00,0.25,0.00,0.4000,0.40,440.74,12.00,1.06,[],0
iso90_90,90.00,90.00,0.25,0.00,0.4000,0.40,442.54,16.00,1.06,[],0
orth_67,67.50,157.50,0.00,0.00,0.4000,0.40,444.04,16.00,1.06,[],0
orth_67,67.50,157.50,0.00,0.00,0.4000,0.40,445.84,16.00,1.06,[],0
orth_67,67.50,157.50,0.00,0.00,0.4000,0.40,447.04,16.00,0.76,b,1
orth_67,67.50,157.50,0.00,0.00,0.4000,0.40,448.54,16.00,1.06,[],0
orth_67,67.50,157.50,0.00,0.00,0.4000,0.40,450.04,16.00,1.06,[],0
orth_67,67.50,157.50,0.00,0.00,0.4000,0.40,451.24,16.00,0.76,r,1
orth_67,67.50,157.50,0.00,0.00,0.4000,0.40,452.74,16.00,0.76,b,0
orth_67,67.50,157.50,0.00,0.00,0.4000,0.40,454.54,16.00,1.06,[],0
iso_22,22.50,22.50,0.00,0.00,0.4000,0.40,456.34,16.00,1.06,[],0
iso_22,22.50,22.50,0.00,0.00,0.4000,0.40,457.84,16.00,0.79,r,1
iso_22,22.50,22.50,0.00,0.00,0.4000,0.40,459.04,16.00,0.81,r,0
iso_22,22.50,22.50,0.00,0.00,0.4000,0.40,460.84,16.00,1.06,[],0
iso_22,22.50,22.50,0.00,0.00,0.4000,0.40,462.04,16.00,0.76,r,1
iso_22,22.50,22.50,0.00,0.00,0.4000,0.40,463.84,16.00,1.06,[],0
iso_22,22.50,22.50,0.00,0.00,0.4000,0.40,465.34,16.00,1.06,[],0
iso_22,22.50,22.50,0.00,0.00,0.4000,0.40,466.54,16.00,0.76,r,1
surround_135,45.00,135.00,0.00,0.00,0.0000,0.40,467.74,16.00,0.87,r,0
surround_135,45.00,135.00,0.00,0.00,0.0000,0.40,468.94,16.00,0.88,b,0
surround_135,45.00,135.00,0.00,0.00,0.0000,0.40,470.44,16.00,0.79,b,1
surround_135,45.00,135.00,0.00,0.00,0.0000,0.40,472.24,16.00,1.07,[],0
surround_135,45.00,135.00,0.00,0.00,0.0000,0.40,473.74,16.00,1.05,[],0
surround_135,45.00,135.00,0.00,0.00,0.0000,0.40,475.54,16.00,1.05,[],0
surround_135,45.00,135.00,0.00,0.00,0.0000,0.40,476.74,16.00,0.75,b,0
surround_135,45.00,135.00,0.00,0.00,0.0000,0.40,478.54,16.00,1.07,[],0
rest_0,0.00,90.00,0.00,0.00,0.0000,0.40,479.75,16.00,1.06,[],0
rest_0,0.00,90.00,0.00,0.00,0.0000,0.40,480.95,16.00,1.06,[],0
rest_0,0.00,90.00,0.00,0.00,0.0000,0.40,482.45,16.00,0.76,b,0
rest_0,0.00,90.00,0.00,0.00,0.0000,0.40,484.25,16.00,1.06,[],0
rest_0,0.00,90.00,0.00,0.00,0.0000,0.40,485.75,16.00,0.77,b,0
rest_0,0.00,90.00,0.00,0.00,0.0000,0.40,486.95,16.00,0.76,r,1
rest_0,0.00,90.00,0.00,0.00,0.0000,0.40,488.75,16.00,1.06,[],0
rest_0,0.00,90.00,0.00,0.00,0.0000,0.40,490.55,16.00,1.06,[],0
